"genes"	"logFC"	"logCPM"	"LR"	"PValue"	"FDR"
"5263"	"IFT27"	1.59654551048575	3.62341493335622	26.5768858357732	2.53255631548619e-07	0.000739895540729564
"5457"	"OLR1"	1.34804601858632	4.04886540050487	26.2021297180273	3.07483229862549e-07	0.000739895540729564
"10315"	"C10H15orf52"	1.67224751733102	1.80870096801026	24.0487331933461	9.39280376627846e-07	0.00117153879703037
"9179"	"PKIB"	1.47437101535487	4.43754950838224	23.1959903480774	1.46302055756514e-06	0.00133817613665292
"336"	"CD86"	0.974464184572537	5.13546034427423	21.867063614943	2.92206530146631e-06	0.00177089121346106
"1579"	"IDH1"	0.910763224589071	4.62061358361254	21.2315166968297	4.07016389247359e-06	0.00199438030731206
"21333"	"CXCR6"	1.16197248650046	4.6301728421039	20.9277736568022	4.76929344450965e-06	0.00211079696963459
"114"	"LOC518080"	1.40983110286673	3.84858127597865	20.8235631929151	5.03595571391951e-06	0.00211264248324517
"5473"	"CLECL1"	0.971323204066488	4.57997705046062	20.1015870470394	7.3435713476749e-06	0.0023988999735738
"18763"	"TNFSF13"	1.27878392688716	4.24201395391709	18.8178793082257	1.43812650341053e-05	0.00372284823147027
"22239"	"F13A1"	1.07254108943885	9.58156920596152	17.8389803205869	2.40407449182533e-05	0.00474952981500726
"25095"	"ASRGL1"	0.920503866211482	7.88262855883031	17.781553013195	2.47773925162067e-05	0.00474952981500726
"20049"	"SLC12A7"	0.95281960889776	5.94194812171858	17.7702794088046	2.49246462595133e-05	0.00474952981500726
"21327"	"CCR2"	0.809452705935891	6.31308531770623	17.6382931870353	2.67154623575067e-05	0.00495319112898637
"8198"	"CTSB"	0.956067464320737	8.39537203085866	16.9910442665499	3.75565497695615e-05	0.00580812708043025
"15483"	"TLR5"	1.67001442015123	2.23436389998532	16.7373725388983	4.29270097445702e-05	0.00596407295407609
"19201"	"RAMP2"	1.1453594246384	5.7928807020607	16.578574591041	4.66753574360255e-05	0.00596407295407609
"18304"	"SCPEP1"	0.814065545099817	6.80059392628069	16.4143793026719	5.0897654523128e-05	0.00596851128254117
"12840"	"DSTN"	1.3793924665783	3.13153924662491	16.0619066854871	6.1304923894255e-05	0.00642063783075709
"1117"	"CALCRL"	1.09241900976111	3.48070839661468	15.7318112144929	7.29863423022839e-05	0.00728310647707128
"7881"	"ADRB2"	0.916673775982199	3.83371130644655	15.7147549619593	7.3647425356134e-05	0.00728310647707128
"5498"	"C3AR1"	1.27791177902259	2.76159698957126	15.712870576211	7.37208307579617e-05	0.00728310647707128
"7900"	"CSF1R"	0.895695877464815	6.69259218441466	15.6401289469737	7.66114251251103e-05	0.00735041085815744
"17087"	"MT1E"	1.69828301716358	-0.185140205331506	15.5126354656183	8.19555944561444e-05	0.00770158052012536
"11633"	"RRM2"	1.13753728417635	4.55945790402358	15.4486527265502	8.4777356395943e-05	0.00788311294893314
"9440"	"VNN1"	1.20889221367657	3.60451455431981	15.426028767588	8.57983408250553e-05	0.00788339145799888
"7200"	"C3"	0.953150641361319	5.43246137815116	15.3945348987238	8.72402427900403e-05	0.00789932924976943
"1806"	"CCDC28B"	1.22182523379494	2.64427904996224	15.3822949154191	8.78071903392954e-05	0.00789932924976943
"22478"	"EMILIN2"	1.0258452050212	7.30210521082953	15.1689586295412	9.83062533562151e-05	0.00859083946526925
"8984"	"SLC46A2"	0.802250393662155	4.91056190808338	15.0785871285065	0.000103126488793863	0.00885417320576108
"10597"	"CDKN3"	1.3933084963099	1.10522512933129	15.04134944966	0.000105181230638905	0.00885417320576108
"8543"	"TPM2"	0.659569856559032	5.19657306407307	14.6298500376251	0.000130825870013358	0.00997183853657375
"10430"	"KIAA0101"	1.2613665890496	3.53602993555355	14.4481506170253	0.000144071253457709	0.0106271913840847
"6680"	"ADAMTS2"	0.85431454510444	4.59483109701757	14.4034665758875	0.000147530474435182	0.01080494099962
"22446"	"LOC101904579"	1.0786945072185	3.30104832452965	14.3704537443521	0.000150139782182726	0.0108135934270135
"9494"	"AIG1"	0.883866383402804	3.59646398168807	14.1229466081017	0.000171242048662759	0.0117472045382653
"24741"	"CTSC"	0.815815495704154	7.75443825222005	14.0342148856183	0.000179514339419683	0.0119050633472512
"11915"	"CARD9"	0.863713875314257	5.89197390418855	13.7422020342328	0.000209689528136864	0.0131367138175241
"4884"	"LYZ"	0.932638859637086	10.2246728172718	13.7166812209991	0.000212558136042488	0.0132558983022861
"11513"	"KHK"	0.802317499088599	4.37895787232027	13.2305260878849	0.00027542649549941	0.0157802018322104
"14897"	"CCDC34"	0.971831994522882	2.20272484292989	13.2121725516858	0.000278136775639354	0.0158341766048628
"1062"	"CYFIP1"	0.715848786718546	5.01335792064354	13.1697504897727	0.00028450461690356	0.0160633882465714
"11835"	"IER5L"	0.91624876643492	4.25176278868356	13.0261814137228	0.000307166238590086	0.016782450498451
"24949"	"SLC37A2"	0.67617115099839	5.52279966069249	12.984241180238	0.000314123619393708	0.0169010825807125
"1543"	"NRP2"	0.823493797379171	4.27731897935095	12.7049257441366	0.000364693668238583	0.0185641380795683
"21359"	"HRH1"	1.12849067724723	2.30638595111908	12.6995531881717	0.000365742956382183	0.0185641380795683
"20369"	"SNX33"	1.37522094813393	0.273743792885012	12.5945624718379	0.000386870605982844	0.0193124906311397
"19770"	"LOC783613"	0.684422724356099	5.61443570540564	12.4515558776818	0.000417643775071991	0.0201055178736411
"24676"	"RASSF4"	0.763672136224857	4.61748749284043	12.4041076386494	0.000428390475093787	0.0204080462440512
"7371"	"HINT1"	0.623028851070267	5.82495520997559	12.3742338672471	0.000435299384869184	0.020578079970641
"6956"	"PALM3"	1.1395248124754	1.80146034456331	12.2953337209248	0.000454092168715895	0.0206981546670501
"1921"	"SEPN1"	0.708814888890014	4.19685511509496	12.1875277920324	0.000481101008327264	0.0214100636478723
"7116"	"SPC24"	1.45112148592134	2.16937509316122	12.0894413758385	0.000507081648077681	0.0221191631652406
"6447"	"LOC784058"	0.681295572923417	5.48803680891514	12.0866626940561	0.000507837929814197	0.0221191631652406
"14955"	"LDLRAD3"	1.02015785087164	1.78288767207133	12.0606177473578	0.000514982241638119	0.0221851181124212
"23627"	"TBC1D12"	1.22133722709847	1.42179339167845	12.0553858438858	0.000516429581228944	0.0221851181124212
"14433"	"NUCB2"	0.765464130377483	5.12312575123376	12.0312249234128	0.000523166840957435	0.0221851181124212
"14879"	"LOC107133180"	1.28102399080512	3.32582577550265	11.9721380779222	0.000540019426955811	0.0225012793979672
"18675"	"NLRP1"	0.780559444030528	5.60092845252974	11.9594215356679	0.000543717482240344	0.0225012793979672
"26178"	"OPHN1"	1.1384083193079	2.27599005576861	11.9342272726551	0.00055111982071607	0.0226388141922889
"11255"	"CCDC88A"	0.731257927467062	5.61387061877187	11.9257293685782	0.000553639472785026	0.0226744285570464
"21764"	"PAQR8"	0.609280373075487	4.63283499691029	11.8805979608477	0.000567217277336688	0.022956404262712
"16657"	"GAS2L1"	0.988464448590991	3.10553347352687	11.8321584017451	0.000582164725216017	0.0232153325769462
"7926"	"GM2A"	0.672988147971754	4.84964037450261	11.761359194172	0.000604730512857579	0.0239794873884566
"16142"	"MND1"	1.3530792029715	0.505221382064226	11.7318095186605	0.00061440823850377	0.0241538138460508
"19894"	"SEPP1"	0.938498470460805	4.78297384777393	11.5572765138899	0.000674846300662428	0.0256291007297946
"5525"	"C1R"	1.90819620110754	4.47157902354624	11.5483674384653	0.000678087723390338	0.0256291007297946
"21502"	"BOLA-DMB"	0.708500615380132	7.94253619311109	11.4925608199719	0.000698752972224638	0.0261936906527925
"11212"	"MCFD2"	0.554055354263928	5.92209743755149	11.4147731401759	0.000728623933822985	0.0267340401799966
"16614"	"SGSM1"	1.12516503004141	2.31235423019167	11.4144366657989	0.000728755905781248	0.0267340401799966
"341"	"FAM162A"	0.663471275188878	6.32548288654846	11.3632515244558	0.000749115648405024	0.0272622458782942
"23909"	"RGS10"	0.589984818880232	6.23185192757384	11.3076401040815	0.000771888150620874	0.0276509280065754
"8668"	"BMP1"	1.2559503232021	0.417517635662694	11.2581851775577	0.000792726770399718	0.0281039051418195
"20510"	"LOC101905447"	0.664797488718938	5.25578661448206	11.2387695450615	0.00080106244906625	0.0281518161890329
"5666"	"LGALS1"	0.752246743500511	6.37463921376361	11.1927126178433	0.000821192058259386	0.0284841530809423
"926"	"SUMO3"	0.586216122383226	4.76145190395904	11.1453786162961	0.000842412773068898	0.029113106414371
"22594"	"SKA1"	1.09953021409276	0.914303885804966	11.1072201659164	0.000859922853479172	0.0294943942117198
"9444"	"SLC18B1"	0.721499210971381	4.71008828485961	11.1026498121994	0.000862044612164696	0.0294943942117198
"22059"	"LOC104975680"	1.07619922796699	2.85524934752086	11.0663423467575	0.000879089237747926	0.0297043072631426
"6795"	"USHBP1"	1.43980843128865	0.50017480102246	10.9212096983252	0.000950695103016388	0.0308357844288058
"21326"	"CCR5"	1.08950014774067	2.4639294121742	10.8254718585995	0.00100113177039516	0.0321319823745426
"3596"	"SHFM1"	0.647383961301468	6.43720393574357	10.7226205112086	0.0010583367989181	0.0333036258742116
"2028"	"AKR7A2"	0.745978044143328	4.92409347760695	10.6496617981821	0.00110091035512557	0.0339563204959102
"25542"	"XPNPEP2"	1.04718678456298	2.28433687370728	10.6489183835722	0.00110135296069097	0.0339563204959102
"19306"	"ITGB3"	0.686772028124737	5.65090342888891	10.6067729052188	0.00112674168246425	0.0342769310053426
"19545"	"GALK1"	0.743546780822459	4.67164763516103	10.5544908269778	0.00115906136778177	0.0348735130832585
"3916"	"HIBADH"	0.531612057453713	4.33684460129674	10.5211943340984	0.00118013189318503	0.0350463410703434
"16568"	"DYNLL1"	0.613723338433028	6.16063470888445	10.5118996419561	0.00118608261714968	0.0350732971945896
"5407"	"MANSC1"	1.17361371791785	1.57207982289735	10.4595270483355	0.00122018514314134	0.0357481514108594
"2422"	"S100A4"	0.864590620742537	7.75568068225939	10.3937393121487	0.00126443299672653	0.036445421670353
"21010"	"LOC101907965"	0.720845321506197	5.46475677597887	10.3396551691061	0.00130202333747271	0.0368324952373723
"18512"	"SPAG5"	1.0371371609346	2.4494458906764	10.3022449175917	0.00132868472616621	0.0372031723326539
"24663"	"NCOA4"	0.557368166311088	7.00013054651064	10.1717988612466	0.00142605073410652	0.038897447459128
"23887"	"SHTN1"	0.635846040810276	4.88678669499734	10.1307066848361	0.00145819490461022	0.0392283021397103
"21522"	"KIFC1"	0.695018855975626	3.99801743342412	10.096528689205	0.00148548881097186	0.0398064579815117
"14582"	"PRKCDBP"	1.03817339732875	2.11499167908657	9.96797010366114	0.00159287010000956	0.0413122453159378
"19092"	"TOP2A"	0.850301454611041	4.72243622482487	9.96197997296482	0.00159806098755535	0.0413686731118103
"2631"	"PTGFRN"	0.793739457959277	3.82899251748619	9.9311924261979	0.00162501228364173	0.0418295844869878
"21594"	"FGD2"	0.749821194285582	6.53345918571593	9.9200293837364	0.00163489771650746	0.0419267227485651
"1644"	"CYP27A1"	1.19327719603412	3.93929462592376	9.7348260617972	0.00180809124049147	0.0446394768233296
"5503"	"CLEC4E"	0.941835413802166	2.71615460839251	9.71386553794074	0.00182882937085655	0.0450476462623912
"10150"	"RNASE4"	0.940622359831009	5.89905125122845	9.65156920548971	0.00189189900325674	0.0457792845232494
"21227"	"TRAIP"	1.01932781917635	0.491431859750841	9.60952846841412	0.00193570339704045	0.0463986053107538
"21369"	"PLXND1"	0.701089929628416	3.72932458349317	9.60755539786721	0.00193778431800743	0.0463986053107538
"26614"	"TLR7"	0.705232989883872	5.51684805518361	9.55554468770894	0.00199346351964913	0.0470310474398413
"25773"	"CLIC2"	1.31646698545431	0.330644218763584	9.55408550271264	0.00199504880539269	0.0470310474398413
"22846"	"ZNF205"	1.28735077450958	1.081608072289	9.45107892885327	0.00211024930859071	0.0487417853768764
"4697"	"ACVRL1"	0.680745456005504	4.69725884809332	9.41366024396488	0.00215374868593431	0.0495795838439911
"6390"	"PF4"	1.32171049829086	6.18149700303309	9.40141772848554	0.00216817722715124	0.049786568246587
