"genes"	"logFC"	"logCPM"	"LR"	"PValue"	"FDR"
"7191"	"LOC508459"	-2.25431746842076	6.04181269961381	29.6363402683434	5.21186104768624e-08	0.000472901287986806
"6621"	"BST1"	-2.5782349996794	5.25101857474676	28.429207920588	9.71879325804393e-08	0.000472901287986806
"13453"	"MMP9"	-3.22470995013469	3.91301836946949	28.3091869498424	1.03404071717232e-07	0.000472901287986806
"5263"	"IFT27"	1.59654551048575	3.62341493335622	26.5768858357732	2.53255631548619e-07	0.000739895540729564
"5457"	"OLR1"	1.34804601858632	4.04886540050487	26.2021297180273	3.07483229862549e-07	0.000739895540729564
"3540"	"UPP1"	-2.62243001500797	6.40754593548418	26.0918341697628	3.25557957470698e-07	0.000739895540729564
"2431"	"PGLYRP4"	-2.14682825647955	2.38165588693674	25.717480869121	3.952307868413e-07	0.000739895540729564
"17726"	"C5AR2"	-1.59579444282692	6.63279546311403	25.5483896531536	4.31425971270883e-07	0.000739895540729564
"25473"	"LONRF3"	-1.60379351534494	6.05266468802871	25.1154469644131	5.39985701626933e-07	0.000806545060049082
"17727"	"DHX34"	-1.12339149492278	5.25166747851566	24.9516537625126	5.87860830939564e-07	0.000806545060049082
"10315"	"C10H15orf52"	1.67224751733102	1.80870096801026	24.0487331933461	9.39280376627846e-07	0.00117153879703037
"17725"	"C5AR1"	-1.51910293828423	8.2642251803866	23.5650197370643	1.20763056887038e-06	0.00133817613665292
"16895"	"VAT1L"	-1.77453201566103	6.12292292750014	23.272445094346	1.40599978692575e-06	0.00133817613665292
"25192"	"LOC100336747"	-1.29101854880841	5.63302735078612	23.2150160370765	1.44861779641081e-06	0.00133817613665292
"9179"	"PKIB"	1.47437101535487	4.43754950838224	23.1959903480774	1.46302055756514e-06	0.00133817613665292
"1824"	"LOC101902670"	-2.12847873835518	4.32574500425227	22.915851644396	1.69250332000582e-06	0.00144071132663969
"711"	"MED12L"	-1.96135703650968	4.31101381796379	22.7987477138629	1.79882879611666e-06	0.00144071132663969
"25416"	"LOC101903832"	-2.26298405133788	5.08938651575201	22.7035879898359	1.89014605535819e-06	0.00144071132663969
"21330"	"CCR1"	-1.61416260596408	7.60058540203878	22.3219800402186	2.30552542726938e-06	0.00161983644275179
"6476"	"GPAT3"	-2.0970195132583	5.10759856601754	22.2760962721281	2.3612776133408e-06	0.00161983644275179
"17107"	"CPNE2"	-2.36889326258142	2.61366059919089	22.0259675181494	2.68986547903937e-06	0.00175737877963905
"336"	"CD86"	0.974464184572537	5.13546034427423	21.867063614943	2.92206530146631e-06	0.00177089121346106
"9281"	"CD24"	-2.37423710241096	7.24728255686674	21.8366849822697	2.96869518291576e-06	0.00177089121346106
"678"	"PTX3"	-3.14205711481058	1.38544053777111	21.7094706540221	3.1722131730809e-06	0.00181344853061125
"16419"	"LOC527744"	-1.66761332405421	5.43042121951319	21.5401300090056	3.4650138281935e-06	0.00183034946430254
"20197"	"ABHD2"	-1.63921134151447	7.22646414466711	21.5381504700228	3.46859227929053e-06	0.00183034946430254
"17455"	"RYR1"	-1.93874516179977	2.59228233905082	21.3265998574004	3.87319679184779e-06	0.0019681577771908
"1579"	"IDH1"	0.910763224589071	4.62061358361254	21.2315166968297	4.07016389247359e-06	0.00199438030731206
"1622"	"CXCR1"	-1.76875597151677	7.40629560499956	21.145181828988	4.25770361860645e-06	0.00201433426369933
"21331"	"XCR1"	-1.82449890443463	1.54368409980448	21.0071058068019	4.57583117324027e-06	0.00209268012322855
"21333"	"CXCR6"	1.16197248650046	4.6301728421039	20.9277736568022	4.76929344450965e-06	0.00211079696963459
"114"	"LOC518080"	1.40983110286673	3.84858127597865	20.8235631929151	5.03595571391951e-06	0.00211264248324517
"3568"	"HEPACAM2"	-1.64342558982661	2.40425482285814	20.8063468916698	5.08142871334479e-06	0.00211264248324517
"4868"	"RAB3IP"	-2.10100137070822	5.71586098860828	20.5769738585642	5.72809533550443e-06	0.00227645044832401
"26771"	"IL3RA"	-2.51700157953266	3.62142404618779	20.5334627384097	5.8597844269104e-06	0.00227645044832401
"22090"	"HIST1H1C"	-1.88955145972256	5.48456282091432	20.4967709070447	5.97319359618546e-06	0.00227645044832401
"1025"	"LOC100847346"	-3.44770548392742	3.42223389999494	20.3696356654399	6.38346842631597e-06	0.00227745618091572
"16034"	"RD3"	-1.64810014932719	3.16531704422193	20.3321833284504	6.50963962927951e-06	0.00227745618091572
"6479"	"WDFY3"	-1.49460540405357	6.67075713825519	20.3136359916055	6.57304654695091e-06	0.00227745618091572
"5269"	"CSF2RB"	-1.39301836917076	6.60628944679303	20.2942987988031	6.6398139385298e-06	0.00227745618091572
"2981"	"GADD45A"	-1.68186618653749	5.97200723513823	20.1111266317747	7.30703430560558e-06	0.0023988999735738
"5473"	"CLECL1"	0.971323204066488	4.57997705046062	20.1015870470394	7.3435713476749e-06	0.0023988999735738
"12070"	"LOC539110"	-1.74796047538087	4.97025111666772	20.0337770553862	7.60862658554617e-06	0.00242768271520217
"18109"	"FCAR"	-1.94120492441524	4.79452612320973	19.9857227610039	7.80225586279693e-06	0.00243288523721759
"16359"	"GLT1D1"	-1.85478803434895	2.61431076334303	19.7550662685791	8.80280371400958e-06	0.00263874887685393
"13661"	"SLC45A4"	-1.61462248476882	6.79332734260041	19.7454694274563	8.84711722560354e-06	0.00263874887685393
"8790"	"SLC28A3"	-2.65230250755664	6.62073521560423	19.6961852322037	9.07824072975699e-06	0.00265007367685672
"10360"	"CAPN3"	-1.54353477751865	3.16130044653074	19.5269924289753	9.91881649876526e-06	0.00283512838256374
"15276"	"TCN1"	-2.61497433703417	7.74324842135151	19.2142142875248	1.16840148452501e-05	0.00327152415667002
"24833"	"PTPN5"	-2.53180837478577	4.05090266163833	19.1617215951843	1.20097720204377e-05	0.00329548144240811
"3447"	"HDAC4"	-0.920540093254593	5.16282851418028	19.0702314900852	1.25994929242487e-05	0.00338951064550377
"462"	"BCL6"	-1.75707934032171	8.02773251582058	18.8884905652251	1.38586285887476e-05	0.00365654585072341
"18763"	"TNFSF13"	1.27878392688716	4.24201395391709	18.8178793082257	1.43812650341053e-05	0.00372284823147027
"4592"	"FGD6"	-1.28092708548435	4.37239368834769	18.7365146605021	1.50080914763502e-05	0.00375101275326068
"18777"	"KDM6B"	-1.23696679915326	7.778658874064	18.7002877697713	1.5295940124687e-05	0.00375101275326068
"7976"	"ADAM19"	-1.5060833124951	8.85469637430772	18.6985039624119	1.53102561357579e-05	0.00375101275326068
"23254"	"NCF1"	-1.77904354669522	8.78800928879989	18.6446404671083	1.57489367135566e-05	0.0037752478764086
"17124"	"ADGRG3"	-2.66581404018958	3.32880703669845	18.5989440051019	1.61309879779246e-05	0.0037752478764086
"20133"	"MCTP2"	-1.59375477960552	6.9049971626061	18.5867306708435	1.62346665239145e-05	0.0037752478764086
"9083"	"FAM135A"	-1.4020518502351	4.89435416955952	18.4619034872078	1.73334762762871e-05	0.00396358824184432
"16151"	"TMEM154"	-1.40591456109174	7.81824429098549	18.4060953539339	1.78486116888277e-05	0.00401447462902812
"16346"	"ULK1"	-1.16212575944439	6.50945380490559	18.3350628788218	1.8526581777594e-05	0.00409975325788048
"445"	"IL1RAP"	-1.11232267200487	4.29536926767418	18.0568828043734	2.14402145066268e-05	0.0046433621875677
"18650"	"CAMKK1"	-1.63371856954026	3.99336798704831	18.0374657709656	2.16599985425898e-05	0.0046433621875677
"2003"	"CDA"	-1.6756658301291	3.37584458853883	17.9524194070078	2.2649633686538e-05	0.00474952981500726
"22239"	"F13A1"	1.07254108943885	9.58156920596152	17.8389803205869	2.40407449182533e-05	0.00474952981500726
"2136"	"C3H1orf226"	-1.45307761352348	3.54365886012879	17.8260525309866	2.42046329093269e-05	0.00474952981500726
"12818"	"SVIL"	-0.830386590271271	6.49114721271753	17.817653926997	2.43117046440552e-05	0.00474952981500726
"23948"	"CHST15"	-1.06056892736578	6.24606309487513	17.8079549296054	2.44359470636696e-05	0.00474952981500726
"9043"	"MEGF9"	-2.25652933871611	5.86394755264589	17.7982674643494	2.45606785998279e-05	0.00474952981500726
"25095"	"ASRGL1"	0.920503866211482	7.88262855883031	17.781553013195	2.47773925162067e-05	0.00474952981500726
"20049"	"SLC12A7"	0.95281960889776	5.94194812171858	17.7702794088046	2.49246462595133e-05	0.00474952981500726
"11160"	"SLC8A1"	-1.45437850175164	4.81240656004259	17.7144459256044	2.56669980966157e-05	0.00482398923130915
"21327"	"CCR2"	0.809452705935891	6.31308531770623	17.6382931870353	2.67154623575067e-05	0.00495319112898637
"16945"	"CRISPLD2"	-1.4514703646037	7.1895116059257	17.5091713649852	2.8592508589262e-05	0.00523052290459566
"7630"	"SBNO2"	-1.22936407690571	8.21278394763375	17.4351827433138	2.97272431807396e-05	0.00536654968999667
"26268"	"SHROOM4"	-2.85584609039298	2.33138030151764	17.3473321544483	3.11335010119512e-05	0.00552234664048186
"14890"	"MUC15"	-2.55357099559381	0.7600622004652	17.2718653492928	3.23948054344244e-05	0.00552234664048186
"26047"	"TRPC5"	-2.24213503087107	3.07262430016065	17.2463992484048	3.28319180950178e-05	0.00552234664048186
"22994"	"ITPRIPL2"	-1.13081289423131	6.38226123228216	17.2419548915791	3.2908808540375e-05	0.00552234664048186
"16651"	"KREMEN1"	-1.6629056343641	3.71854684987649	17.2237032096997	3.32264777199992e-05	0.00552234664048186
"7335"	"C7H19orf35"	-1.62732887372592	4.76143578672169	17.2220583554665	3.32552572406173e-05	0.00552234664048186
"25415"	"LOC107131983"	-2.33716968364347	4.77514549351491	17.213364816235	3.34077821545186e-05	0.00552234664048186
"11094"	"DYSF"	-1.78105992619571	5.35473194414147	17.165957709896	3.42519791283866e-05	0.00559448992430314
"20862"	"TRANK1"	-1.46188432260529	8.06218713378065	17.0913738219591	3.56237423837043e-05	0.00573651601811008
"11106"	"TGFA"	-1.3526485251434	5.13165683929996	17.0736504863554	3.59577534662877e-05	0.00573651601811008
"16947"	"KIAA0513"	-1.14548461787713	7.43521063029345	17.0116254768553	3.71516489394665e-05	0.00580812708043025
"8198"	"CTSB"	0.956067464320737	8.39537203085866	16.9910442665499	3.75565497695615e-05	0.00580812708043025
"16117"	"LOC101903170"	-1.86850537764571	2.1109351354814	16.977505950392	3.78253091714046e-05	0.00580812708043025
"18567"	"GEMIN4"	-0.94536077440244	4.76991853939112	16.9601405421483	3.81728754145046e-05	0.00580812708043025
"17577"	"DEDD2"	-1.2372032107212	7.43629528176867	16.9427928883774	3.85232918599966e-05	0.00580812708043025
"22935"	"LOC616782"	-1.44545222692274	5.56633108929608	16.9150364780056	3.90907000828167e-05	0.00582961309930701
"24784"	"GAB2"	-1.32221301616502	7.59113237814255	16.8656500735073	4.01211318811343e-05	0.00591894547751787
"3286"	"SMAP2"	-1.22753552273306	7.32763002592369	16.8417402367196	4.06297696762043e-05	0.00593021744635663
"17914"	"LOC506364"	-1.72815008562887	5.94984031237795	16.7984504227783	4.15672320395253e-05	0.00596407295407609
"8700"	"SLC25A37"	-1.8749312285717	7.63441955800868	16.77129325545	4.21664028931408e-05	0.00596407295407609
"15483"	"TLR5"	1.67001442015123	2.23436389998532	16.7373725388983	4.29270097445702e-05	0.00596407295407609
"20400"	"SEMA7A"	-1.03145503637642	5.44990849413386	16.6820977127926	4.41961084846779e-05	0.00596407295407609
"1947"	"CNR2"	-1.34931007851181	5.55815442013583	16.6776195552926	4.4300563204313e-05	0.00596407295407609
"4607"	"GPR84"	-1.68004785328936	3.79257242325108	16.661386949787	4.4681279687126e-05	0.00596407295407609
"21402"	"LOC101907298"	-1.51392814040402	2.8267499522458	16.6022108646394	4.60972539431878e-05	0.00596407295407609
"19201"	"RAMP2"	1.1453594246384	5.7928807020607	16.578574591041	4.66753574360255e-05	0.00596407295407609
"17022"	"DEF8"	-1.22274850480438	6.10828558027386	16.5780333163339	4.66886811342893e-05	0.00596407295407609
"9844"	"LOC101903546"	-1.54464480008965	4.87496382257272	16.5706158530929	4.68716507501084e-05	0.00596407295407609
"21308"	"NBEAL2"	-1.1303879138185	8.25434618057131	16.5679926803517	4.69365300491654e-05	0.00596407295407609
"18142"	"LOC107131323"	-1.48409576615274	6.86359004936459	16.5641408154869	4.70319624375289e-05	0.00596407295407609
"2334"	"SEMA4A"	-1.58453384095147	6.6029602812536	16.5569204049653	4.72113786021597e-05	0.00596407295407609
"22168"	"ATXN1"	-1.05376793080188	6.36987646503285	16.5419573607575	4.75853811336789e-05	0.00596407295407609
"13479"	"PREX1"	-1.04561157975837	7.86407585313274	16.5395064848793	4.76469242880619e-05	0.00596407295407609
"18546"	"SSH2"	-1.07434859873084	8.81440110900532	16.4833195927298	4.90799742732403e-05	0.00596407295407609
"23582"	"IFIT3"	-1.64162312090232	8.72462223511827	16.4756021464065	4.92801645723758e-05	0.00596407295407609
"10437"	"HERC1"	-1.38122882201945	4.98327141837883	16.4656544818739	4.95394183691154e-05	0.00596407295407609
"4231"	"KIAA1147"	-1.48300718731248	6.28062820303034	16.4574848655067	4.97533583794108e-05	0.00596407295407609
"8374"	"FREM1"	-1.85196691092075	0.708715716731377	16.450052303939	4.99488038995965e-05	0.00596407295407609
"12225"	"ALOX5AP"	-2.02245229286194	6.27228035552234	16.4484739468461	4.99904074139031e-05	0.00596407295407609
"6745"	"ELL"	-1.05957239177572	6.13367162998331	16.4180669582113	5.07987340238029e-05	0.00596851128254117
"18304"	"SCPEP1"	0.814065545099817	6.80059392628069	16.4143793026719	5.0897654523128e-05	0.00596851128254117
"1993"	"ALPL"	-2.36301462608761	2.65432864583052	16.3866747951221	5.16470418321238e-05	0.00600506282997236
"18417"	"CCL16"	-2.75824478972089	5.85314969554502	16.3178773619281	5.35563051677386e-05	0.00614251917304932
"21228"	"UBA7"	-1.65415033435803	6.71996553971773	16.3050750783126	5.39193494990746e-05	0.00614251917304932
"7634"	"MIDN"	-1.07403800835861	7.62608731749479	16.289856519429	5.43541349581064e-05	0.00614251917304932
"14870"	"DGAT2"	-1.70590701214796	8.64504984875941	16.2806084132258	5.46200684483978e-05	0.00614251917304932
"23435"	"LMTK2"	-0.879326946042407	6.15657277391505	16.2502960800709	5.55009205536061e-05	0.00616063330990062
"12682"	"PFKFB3"	-1.38378354645017	8.36680733675511	16.2370584760849	5.58900628789573e-05	0.00616063330990062
"21414"	"IQSEC1"	-1.16631622268536	7.15795206716867	16.2197702754086	5.64024142988373e-05	0.00616063330990062
"10366"	"STARD9"	-1.35950506238451	5.4618434379561	16.1930858411712	5.72025191974726e-05	0.00616063330990062
"14479"	"AMPD3"	-1.20053496350094	6.57008683452836	16.1860899824679	5.74141647282389e-05	0.00616063330990062
"11449"	"MXD1"	-1.31414338554695	9.10963872322683	16.1726136373281	5.78240864746103e-05	0.00616063330990062
"18456"	"CDK5R1"	-1.77117743519488	1.68016203222602	16.1693329745251	5.79243219371123e-05	0.00616063330990062
"13727"	"TRIB1"	-1.11763862751254	5.46117567575726	16.1191167574467	5.94805904300758e-05	0.00627749000538954
"12840"	"DSTN"	1.3793924665783	3.13153924662491	16.0619066854871	6.1304923894255e-05	0.00642063783075709
"10949"	"DUSP2"	-1.22143315513663	7.87472115986157	16.0231597935127	6.25723608052232e-05	0.00650373325945198
"12989"	"RNF24"	-1.42339021217728	6.01667815722894	15.9278061264835	6.58048358761021e-05	0.00678828833248211
"16429"	"MLXIP"	-0.978024511596608	6.12591225813131	15.8583870994636	6.82633179697711e-05	0.0069893486757109
"1621"	"CXCR2"	-1.52855649824014	8.73816228908086	15.8410233375197	6.88925706708658e-05	0.00700152644151317
"1117"	"CALCRL"	1.09241900976111	3.48070839661468	15.7318112144929	7.29863423022839e-05	0.00728310647707128
"7881"	"ADRB2"	0.916673775982199	3.83371130644655	15.7147549619593	7.3647425356134e-05	0.00728310647707128
"5498"	"C3AR1"	1.27791177902259	2.76159698957126	15.712870576211	7.37208307579617e-05	0.00728310647707128
"12268"	"ATP8A2"	-1.33947909956392	5.92017074071272	15.7111844774761	7.378657436683e-05	0.00728310647707128
"1022"	"ETS2"	-1.97425992231341	5.45083074075135	15.6724440511236	7.53134773616733e-05	0.00732760399398803
"9227"	"MARCKS"	-1.50153899503281	7.34703976650687	15.6706133227406	7.53864145640044e-05	0.00732760399398803
"16772"	"MAPK1"	-1.10483256606445	6.18024408539324	15.6592772897724	7.58396331739285e-05	0.00732760399398803
"7900"	"CSF1R"	0.895695877464815	6.69259218441466	15.6401289469737	7.66114251251103e-05	0.00735041085815744
"19483"	"SOCS3"	-1.10152326157642	7.38504913904155	15.5585888730508	7.99874399778795e-05	0.00762102553122574
"16918"	"CMIP"	-0.895681264699978	6.4912755323282	15.5216442311861	8.15659523988207e-05	0.00770158052012536
"17087"	"MT1E"	1.69828301716358	-0.185140205331506	15.5126354656183	8.19555944561444e-05	0.00770158052012536
"11633"	"RRM2"	1.13753728417635	4.55945790402358	15.4486527265502	8.4777356395943e-05	0.00788311294893314
"19621"	"KCNJ2"	-1.14016813460218	5.29280839792576	15.4428846195513	8.50364953675004e-05	0.00788311294893314
"9440"	"VNN1"	1.20889221367657	3.60451455431981	15.426028767588	8.57983408250553e-05	0.00788339145799888
"16704"	"LIMK2"	-1.64633301064192	5.82138779871161	15.4174507096886	8.6188682120979e-05	0.00788339145799888
"7200"	"C3"	0.953150641361319	5.43246137815116	15.3945348987238	8.72402427900403e-05	0.00789932924976943
"1806"	"CCDC28B"	1.22182523379494	2.64427904996224	15.3822949154191	8.78071903392954e-05	0.00789932924976943
"1108"	"SLC40A1"	-1.5508672303467	7.35439304632208	15.3762149298673	8.80901876978661e-05	0.00789932924976943
"9266"	"FOXO3"	-1.07742025931688	6.84987819982131	15.3282801787722	9.03537280568494e-05	0.0080496957723375
"1797"	"MARCKSL1"	-1.31576500261341	7.06308901854866	15.2388041321878	9.47366855041139e-05	0.00838572467817059
"6619"	"LOC104968939"	-1.83141079380338	4.47063635363376	15.1828984023197	9.75831870497464e-05	0.00858231619437513
"22478"	"EMILIN2"	1.0258452050212	7.30210521082953	15.1689586295412	9.83062533562151e-05	0.00859083946526925
"8984"	"SLC46A2"	0.802250393662155	4.91056190808338	15.0785871285065	0.000103126488793863	0.00885417320576108
"12941"	"KLF6"	-1.00136772292281	7.94774735819268	15.075066562824	0.000103319008972491	0.00885417320576108
"19876"	"EMB"	-1.0506894831239	7.17131337034034	15.0675303901874	0.000103732337120095	0.00885417320576108
"17081"	"LPCAT2"	-1.68355199333169	6.85428876909385	15.053647545699	0.000104498115682666	0.00885417320576108
"10597"	"CDKN3"	1.3933084963099	1.10522512933129	15.04134944966	0.000105181230638905	0.00885417320576108
"9451"	"SGK1"	-1.29969015717031	7.29685127770508	15.0411614542169	0.00010519170791101	0.00885417320576108
"11655"	"RSAD2"	-1.81050669882751	5.92320530274953	15.0265648834843	0.000106008412135984	0.00886850862503479
"16605"	"SELPLG"	-1.15166730293663	8.52349914413628	14.9411111254286	0.00011091939593903	0.00919735508536068
"23573"	"ANKRD22"	-1.77747573198824	4.00172334271981	14.9349881010693	0.00011127995219897	0.00919735508536068
"2866"	"LOC786389"	-2.33314071457232	0.951666473617866	14.8942386620979	0.000113709733439051	0.0093144766249989
"2388"	"TDRD10"	-1.19202574715145	2.65843454970697	14.8885225302464	0.000114054815816313	0.0093144766249989
"1856"	"PTAFR"	-1.31058086510775	7.88212346764699	14.8737710323117	0.000114950240686747	0.00933205504273474
"12544"	"RAB20"	-1.75171914033571	4.13306793434139	14.7974454456356	0.000119697537742184	0.00953431537190062
"8699"	"LOC107132707"	-1.92606076043242	3.73903828658542	14.7928976495717	0.000119986552800644	0.00953431537190062
"17646"	"BCL3"	-0.937971056345653	6.175750185983	14.7778227892085	0.000120949601861448	0.00953431537190062
"18555"	"CPD"	-1.21942325592649	6.33576865009439	14.7715936973282	0.000121349812304316	0.00953431537190062
"13028"	"TGM3"	-1.2340652901704	8.30557713556088	14.770688181155	0.00012140810132516	0.00953431537190062
"22840"	"MMP25"	-1.27108844815755	7.83960104080772	14.7675370073683	0.000121611165457916	0.00953431537190062
"14396"	"SORL1"	-1.22098377971461	9.09780034955271	14.6437506452902	0.000129864521248561	0.00997183853657375
"13520"	"ATP9A"	-1.36758959111248	3.20362146563082	14.6385094949236	0.000130226154644661	0.00997183853657375
"6127"	"HERC5"	-1.28250269764348	6.27519415815187	14.6367327444353	0.000130348978361211	0.00997183853657375
"23085"	"XPO6"	-0.910373481368204	8.4818655529908	14.6300261355535	0.000130813646603392	0.00997183853657375
"8543"	"TPM2"	0.659569856559032	5.19657306407307	14.6298500376251	0.000130825870013358	0.00997183853657375
"15403"	"CD55"	-1.32960861276494	9.20483134265107	14.595937855058	0.000133201364770532	0.0100968106334348
"6600"	"SLC2A9"	-1.41321595641168	7.4700537161656	14.5826749851129	0.000134142178254975	0.0101122565146058
"16894"	"NUDT7"	-1.33561453897831	7.05109319543103	14.5503169825194	0.000136465692104021	0.0102311983369791
"18119"	"LOC619159"	-1.66484327271186	5.04578827593951	14.5365856357499	0.000137463897967927	0.0102500254354345
"5496"	"SLC2A3"	-1.1694237872496	9.26431566222226	14.4640771212284	0.00014285814165725	0.0105946686677701
"10430"	"KIAA0101"	1.2613665890496	3.53602993555355	14.4481506170253	0.000144071253457709	0.0106271913840847
"6680"	"ADAMTS2"	0.85431454510444	4.59483109701757	14.4034665758875	0.000147530474435182	0.01080494099962
"3936"	"LOC107132414"	-1.44570668030986	0.557053640779484	14.3959805017884	0.000148118135835701	0.01080494099962
"5774"	"LOC104972595"	-1.60753125167831	0.157765768462825	14.3867804498553	0.000148843574994765	0.01080494099962
"22446"	"LOC101904579"	1.0786945072185	3.30104832452965	14.3704537443521	0.000150139782182726	0.0108135934270135
"12540"	"IRS2"	-1.04245336624878	5.81197884429817	14.3654527215955	0.000150539092169066	0.0108135934270135
"2699"	"C3H1orf162"	-1.76965922103082	6.30001883183307	14.3121858579271	0.000154859156985029	0.0110659772595552
"22479"	"LPIN2"	-0.947835217050477	7.08840088021755	14.301917906259	0.000155706155236578	0.0110688520717401
"3001"	"LOC101902310"	-1.01584781078554	5.59779402587415	14.2737273022676	0.000158055649102494	0.0111779562148774
"14957"	"PRR5L"	-0.82963251975361	6.23606086449695	14.2533294041949	0.000159777907631187	0.0112418097061532
"20161"	"ISG20"	-1.83990843810923	7.24091333479722	14.2209875376794	0.000162547458028459	0.0113345090558331
"8744"	"B4GALT1"	-0.795745680414102	6.32479779234901	14.218670870779	0.000162747688338129	0.0113345090558331
"25189"	"EHD1"	-1.02233758772052	7.26871905795096	14.2064111992333	0.000163811438766628	0.011350974443829
"3393"	"ATG16L1"	-0.810776597327263	6.66127090018396	14.1435825238197	0.000169373882985578	0.0116774355505635
"9494"	"AIG1"	0.883866383402804	3.59646398168807	14.1229466081017	0.000171242048662759	0.0117472045382653
"22146"	"E2F3"	-1.54036657178046	4.66325542012442	14.0809620591857	0.000175107219153826	0.0118748223271818
"1340"	"TNFAIP6"	-1.97692221641589	2.29691857090337	14.0805198333751	0.000175148395456932	0.0118748223271818
"4610"	"NFE2"	-1.31644299034148	8.89018577977815	14.0746175359578	0.000175698901779731	0.0118748223271818
"6128"	"HERC6"	-1.18397459785351	7.22980220865294	14.0568474084761	0.00017736686353238	0.0119050633472512
"3341"	"CSF3R"	-1.31409455639289	10.4756275705124	14.0368842540088	0.000179259701521398	0.0119050633472512
"24741"	"CTSC"	0.815815495704154	7.75443825222005	14.0342148856183	0.000179514339419683	0.0119050633472512
"5775"	"NFAM1"	-1.20040381287044	6.63688541490579	14.0291704477033	0.000179996536526182	0.0119050633472512
"24973"	"FOXRED1"	-1.15736244459619	5.25628427288713	14.0240750916639	0.000180484925381067	0.0119050633472512
"15052"	"LOC104974328"	-2.01359396764687	1.85462197646732	13.9799613888682	0.000184769412350325	0.012063532784772
"15928"	"STX6"	-1.0639274393894	6.28073342991963	13.9725571086277	0.000185498519895013	0.012063532784772
"20120"	"ARRDC4"	-1.28253346941866	6.44132141812641	13.9722869624853	0.000185525176208957	0.012063532784772
"6846"	"LOC100295883"	-1.22765802737613	5.22036485210134	13.933346257315	0.000189408246509006	0.0122579299155828
"10952"	"TMEM127"	-0.903368577844328	6.24885816188942	13.8943121536503	0.00019338280882373	0.0124563950096788
"12707"	"CREM"	-1.25119269377813	6.45036621662938	13.8828665891816	0.00019456408117039	0.0124575390911318
"4245"	"MGAM"	-1.25061283373275	3.68884175254325	13.8765747866953	0.000195216538235666	0.0124575390911318
"24187"	"PPP1R3B"	-1.12970115062796	5.75246295145291	13.8560041262566	0.000197365129931143	0.0125363406604411
"17083"	"SLC6A2"	-2.30884813138137	1.99111124792555	13.8393507231338	0.000199122005893212	0.0125896494048612
"9648"	"RPS6KA2"	-0.614798902924571	5.64318121916114	13.8160710583818	0.000201604368487382	0.0126881281451692
"11915"	"CARD9"	0.863713875314257	5.89197390418855	13.7422020342328	0.000209689528136864	0.0131367138175241
"4884"	"LYZ"	0.932638859637086	10.2246728172718	13.7166812209991	0.000212558136042488	0.0132558983022861
"2514"	"FAM63A"	-1.16892830866101	4.82696402485553	13.6950982938209	0.000215014954674084	0.0133484397200382
"8872"	"GADD45G"	-1.09992530410606	2.26745963703577	13.676435383036	0.000217162439972585	0.0134075396253734
"19175"	"DHX58"	-1.12273483579662	6.10124963614662	13.6698841861272	0.000217921380208329	0.0134075396253734
"16559"	"PXN"	-0.889714035072717	7.20618470026573	13.6614382148149	0.000218903770569539	0.0134078559473843
"7083"	"ICAM3"	-1.25566142169814	7.79316615147346	13.6171513206295	0.000224128507428548	0.013666858319643
"11139"	"CDC42EP3"	-1.27259734946365	5.61407278066897	13.5851114437849	0.000227986582151283	0.0138406013589186
"14262"	"DIXDC1"	-1.04791679561531	7.64267886012746	13.5755018782909	0.000229156710205248	0.0138503527049163
"716"	"P2RY14"	-1.54467307140194	1.85054016853679	13.5565362865105	0.000231483882466432	0.013900962992888
"23452"	"LOC101908535"	-1.45401294155211	3.5251107090544	13.5521907484098	0.000232020446455638	0.013900962992888
"1859"	"XKR8"	-1.22323576547579	3.90337847512066	13.4997259295488	0.000238598299761739	0.0142329072727437
"3346"	"STK40"	-0.957809590586348	7.42969751074913	13.431134888458	0.000247482351436646	0.0146989517822977
"13484"	"ZNFX1"	-1.17450898735277	8.27648683031707	13.406139937956	0.000250801994126885	0.0148189650768892
"11479"	"FOSL2"	-1.14728561877384	7.41867945695999	13.3997101621893	0.00025166318242822	0.0148189650768892
"3217"	"ST3GAL3"	-0.897490408268637	6.15926021677317	13.3680431804021	0.00025594826478377	0.0150068811659544
"8735"	"PTK2B"	-1.21466664079621	8.42707768467239	13.3282746486167	0.000261433956609841	0.0152632931263277
"5523"	"C1RL"	-1.46244080729426	5.1579351363014	13.2889833096863	0.000266970214644536	0.0155204718005213
"13977"	"DCSTAMP"	-1.93365843511639	4.30211391831814	13.2340379268743	0.000274910941899435	0.0157802018322104
"11513"	"KHK"	0.802317499088599	4.37895787232027	13.2305260878849	0.00027542649549941	0.0157802018322104
"6707"	"GMIP"	-1.16779413079953	8.44926248183144	13.2281426575171	0.000275776948763206	0.0157802018322104
"18302"	"TRIM25"	-0.902237603363607	5.54886588948432	13.226365729272	0.000276038516015343	0.0157802018322104
"14897"	"CCDC34"	0.971831994522882	2.20272484292989	13.2121725516858	0.000278136775639354	0.0158341766048628
"18655"	"ANKFY1"	-1.03727687004399	7.63391605383421	13.1900172415108	0.000281444308630451	0.0159562641091313
"1062"	"CYFIP1"	0.715848786718546	5.01335792064354	13.1697504897727	0.00028450461690356	0.0160633882465714
"5011"	"STAT2"	-1.21803851959195	7.98556486644356	13.1593172129079	0.000286093114005553	0.0160868750990008
"22927"	"CLEC16A"	-0.798849626884996	5.37544372760829	13.1370121689488	0.0002895191784481	0.0162130739930936
"13035"	"LOC104973826"	-1.31996450822366	7.1210751908787	13.1148023182656	0.000292971721530717	0.0163099589276839
"23296"	"TMEM120A"	-1.23513184702206	4.65834785529599	13.1106179883568	0.000293626811598974	0.0163099589276839
"22078"	"HIST1H2AC"	-2.04155724064347	4.84906070921338	13.0636966164269	0.000301074640015023	0.0165823478942673
"6269"	"SCFD2"	-0.882223938107648	5.05113501516623	13.0618738125029	0.00030136778628787	0.0165823478942673
"7839"	"ARHGAP26"	-1.05877099424773	5.95574395901977	13.0569784898954	0.00030215648495385	0.0165823478942673
"11835"	"IER5L"	0.91624876643492	4.25176278868356	13.0261814137228	0.000307166238590086	0.016782450498451
"8873"	"SEMA4D"	-1.13971452028356	8.88871541496835	13.0097635375148	0.000309871068688948	0.016782450498451
"3567"	"SAMD9"	-1.40111213677192	9.5461882650871	13.0087762860217	0.000310034480837407	0.016782450498451
"12686"	"IL15RA"	-1.88664035006603	3.92858201198368	13.0047880241227	0.000310695512143334	0.016782450498451
"24949"	"SLC37A2"	0.67617115099839	5.52279966069249	12.984241180238	0.000314123619393708	0.0169010825807125
"12964"	"CDS2"	-1.04798576508967	8.62805207948774	12.9652171194957	0.000317331656782925	0.0170069934807099
"1994"	"LOC101906756"	-0.866785109483571	5.32538766069482	12.9473274064481	0.000320378543656206	0.0171034771165881
"23789"	"ITPRIP"	-1.00042507256944	6.69756130431679	12.9133215728724	0.000326251822577352	0.0173495155262065
"18153"	"LOC101905804"	-1.76982644160624	6.83950472315071	12.8901345880429	0.000330318676735532	0.0174294003968361
"21558"	"PPARD"	-0.829429783217678	5.73406317965047	12.8810915183486	0.000331918597638613	0.0174294003968361
"25340"	"LOC507247"	-1.01160842042097	5.39488018771099	12.8724618940691	0.000333452657236831	0.0174294003968361
"18155"	"TARM1"	-1.36249233167325	7.28596400833239	12.8706897011419	0.000333768577913575	0.0174294003968361
"1962"	"E2F2"	-1.26795039452374	6.93801839880442	12.8687995836703	0.000334105853088039	0.0174294003968361
"13212"	"LOC618409"	-1.60424215761729	3.84747544482264	12.8326009445757	0.000340631923625639	0.0177025378490294
"22940"	"SNN"	-1.04187441604842	8.35467732052753	12.7966648810242	0.000347237826185009	0.0179777470764465
"2384"	"ADAR"	-0.956889180126585	7.78008195519808	12.7637855516461	0.000353394963856618	0.0182277402410256
"13990"	"LOC107133128"	-1.49236214102865	-0.018930102287585	12.7138901961807	0.000362949619142624	0.0185641380795683
"1543"	"NRP2"	0.823493797379171	4.27731897935095	12.7049257441366	0.000364693668238583	0.0185641380795683
"21359"	"HRH1"	1.12849067724723	2.30638595111908	12.6995531881717	0.000365742956382183	0.0185641380795683
"17454"	"RASGRP4"	-1.28413901908933	6.7900660615461	12.6984300758632	0.000365962690576208	0.0185641380795683
"3395"	"SAG"	-1.29735840733214	3.02730680986227	12.6947566428845	0.000366682319210131	0.0185641380795683
"13606"	"EPPK1"	-0.808824748791816	5.94512382298508	12.6749202158921	0.000370593027942924	0.0186931483212387
"5787"	"BIK"	-1.50880793265902	1.29527431297584	12.643076733397	0.0003769590736919	0.0189446098573365
"20369"	"SNX33"	1.37522094813393	0.273743792885012	12.5945624718379	0.000386870605982844	0.0193124906311397
"13602"	"GRINA"	-1.24204406147117	6.84562200833593	12.5922526760023	0.000387349002875201	0.0193124906311397
"15637"	"CASZ1"	-0.895406313437075	3.00690014223009	12.5866975887103	0.000388501998119136	0.0193124906311397
"16532"	"SLC8B1"	-0.882498668212274	7.15951187529907	12.5635690741103	0.000393339808604438	0.0194823905200465
"19455"	"LOC512869"	-1.27061384072674	4.00487614556146	12.5541397118118	0.00039532955290264	0.0195105088698713
"21100"	"PXK"	-0.819871260406699	5.91865899759395	12.4999084305192	0.000406971964373719	0.0200131016172309
"20876"	"MYD88"	-1.10767187717021	8.15836194694853	12.477790711519	0.000411818959329353	0.0200725264504596
"345"	"DTX3L"	-1.2256211848822	7.03522496765386	12.4752729070289	0.000412374403873448	0.0200725264504596
"9505"	"STX11"	-1.4881308103935	5.99461670188113	12.474083305123	0.00041263710087648	0.0200725264504596
"10719"	"ARG2"	-1.39722668139923	5.47976955046136	12.4677774357356	0.000414032433344027	0.0200725264504596
"8120"	"ST8SIA4"	-0.902263315587405	6.38023424167337	12.4576790820385	0.000416276871116619	0.0201055178736411
"19770"	"LOC783613"	0.684422724356099	5.61443570540564	12.4515558776818	0.000417643775071991	0.0201055178736411
"8123"	"SLCO4C1"	-1.4670289396802	3.92061983712167	12.432206849285	0.000421992961141172	0.020207562431026
"2430"	"S100A9"	-1.78405262939825	9.91352534838147	12.4290396286938	0.000422709214118402	0.020207562431026
"24676"	"RASSF4"	0.763672136224857	4.61748749284043	12.4041076386494	0.000428390475093787	0.0204080462440512
"202"	"KAT2B"	-1.03862403673942	7.46680973929905	12.3971841572357	0.000429981755285184	0.0204129746799748
"7371"	"HINT1"	0.623028851070267	5.82495520997559	12.3742338672471	0.000435299384869184	0.020578079970641
"16505"	"MED13L"	-0.75189579376352	6.57633711399553	12.3682748255117	0.00043669092605998	0.020578079970641
"22873"	"CREBBP"	-0.694396899111092	7.45845401164562	12.3628605916787	0.000437959136401398	0.020578079970641
"14336"	"MPZL3"	-0.904546921786521	5.57493330287334	12.3477890443752	0.000441509046395819	0.020674075483108
"2640"	"MAB21L3"	-1.59613120244947	0.732838118624342	12.3370913118101	0.00044404636537235	0.0206795431564772
"18025"	"MGC157082"	-1.14290980571796	6.28171984197442	12.3309276518341	0.000445514955733858	0.0206795431564772
"24519"	"C28H10orf54"	-1.04804465073219	8.87251482416977	12.3245312367628	0.000447044186191514	0.0206795431564772
"17919"	"LOC100300478"	-1.35489028224285	7.77157809894723	12.3219832069516	0.000447654833635111	0.0206795431564772
"15669"	"RERE"	-0.869096447858112	7.16817073839667	12.3034689664916	0.000452117209948656	0.0206981546670501
"14823"	"ATG16L2"	-1.1394497355642	7.9495962026279	12.2982060993075	0.000453393861423257	0.0206981546670501
"26148"	"NLGN3"	-1.12641813458906	2.10146229144171	12.2957138539608	0.000453999691851193	0.0206981546670501
"6956"	"PALM3"	1.1395248124754	1.80146034456331	12.2953337209248	0.000454092168715895	0.0206981546670501
"17493"	"ZFP36"	-1.00329755915544	7.88066001516166	12.2835554705045	0.000456966961042375	0.0207305785774074
"7619"	"R3HDM4"	-1.11943147204811	7.71351644505444	12.2800526288681	0.000457825459836329	0.0207305785774074
"4696"	"ACVR1B"	-1.01466894977932	5.93961397027621	12.2650676219273	0.000461516493966261	0.020828968082951
"8760"	"C8H9orf24"	-1.45144451881161	4.14102119364677	12.2462679360071	0.000466189642845062	0.0209708914748664
"22559"	"EPG5"	-0.727875056329376	6.52932073104016	12.2358636737452	0.000468796388475327	0.0210192367643186
"16058"	"PLXNA2"	-1.17602335025554	1.67535148101574	12.218574472808	0.000473160701127386	0.0211458137441946
"1921"	"SEPN1"	0.708814888890014	4.19685511509496	12.1875277920324	0.000481101008327264	0.0214100636478723
"5137"	"CFAP54"	-1.00124596654763	4.66581935467378	12.1832924721966	0.000482194582156891	0.0214100636478723
"14798"	"LOC618664"	-1.99373326169351	5.5007301854876	12.171613180277	0.000485223230145259	0.0214750410244934
"11820"	"ZER1"	-0.603271887788855	5.4229531259384	12.1344132715065	0.000494998394808066	0.0218372282211147
"23583"	"LOC100139670"	-1.42777885335815	9.77347901403669	12.1020562049888	0.000503662503729101	0.0221191631652406
"7116"	"SPC24"	1.45112148592134	2.16937509316122	12.0894413758385	0.000507081648077681	0.0221191631652406
"2138"	"NOS1AP"	-1.40021651433697	2.60360286678665	12.0880860368544	0.000507450392429043	0.0221191631652406
"6447"	"LOC784058"	0.681295572923417	5.48803680891514	12.0866626940561	0.000507837929814197	0.0221191631652406
"18156"	"LOC107131472"	-1.68461128808943	1.88285152083287	12.0607832070973	0.000514936536155027	0.0221851181124212
"14955"	"LDLRAD3"	1.02015785087164	1.78288767207133	12.0606177473578	0.000514982241638119	0.0221851181124212
"23627"	"TBC1D12"	1.22133722709847	1.42179339167845	12.0553858438858	0.000516429581228944	0.0221851181124212
"18811"	"NDEL1"	-0.935638035812717	7.04961014676989	12.0537843612335	0.000516873431294846	0.0221851181124212
"3780"	"PIK3CG"	-1.00534517086877	6.6471268341347	12.0496331542483	0.000518025729611199	0.0221851181124212
"6585"	"MAEA"	-1.06654827415181	7.43965713806372	12.0412243483064	0.000520367811223314	0.0221851181124212
"22880"	"CORO7"	-0.776926714322603	7.52506591244351	12.0398535313691	0.00052075063311418	0.0221851181124212
"14433"	"NUCB2"	0.765464130377483	5.12312575123376	12.0312249234128	0.000523166840957435	0.0221851181124212
"17590"	"LOC100336941"	-1.09447944969862	8.29966284188849	12.0273767118192	0.000524248074258568	0.0221851181124212
"16522"	"PLBD2"	-0.951965883680676	7.30894514583962	12.0228525571778	0.000525522112721347	0.0221851181124212
"14586"	"FAM160A2"	-0.680569625191473	6.13356839412774	12.001258597417	0.000531646342331269	0.0223748092539418
"7621"	"ARID3A"	-1.06350539843138	6.18976960997632	11.9904139453513	0.000534749103206781	0.0224365678776668
"19208"	"AOC2"	-0.729839631202295	3.79910635665681	11.9740994630994	0.00053945130755092	0.0225012793979672
"14879"	"LOC107133180"	1.28102399080512	3.32582577550265	11.9721380779222	0.000540019426955811	0.0225012793979672
"26371"	"NYX"	-1.82109459756031	3.96292660745189	11.9605066709077	0.00054340092241723	0.0225012793979672
"18675"	"NLRP1"	0.780559444030528	5.60092845252974	11.9594215356679	0.000543717482240344	0.0225012793979672
"1823"	"SERINC2"	-1.64817477186005	4.59848671131523	11.9567706203825	0.000544491600592209	0.0225012793979672
"14940"	"ABTB2"	-0.742517884198113	4.0413468767047	11.9450047160798	0.000547940922728899	0.0225758242037252
"26178"	"OPHN1"	1.1384083193079	2.27599005576861	11.9342272726551	0.00055111982071607	0.0226388141922889
"11255"	"CCDC88A"	0.731257927467062	5.61387061877187	11.9257293685782	0.000553639472785026	0.0226744285570464
"23581"	"IFIT2"	-1.73681115342368	8.53385556245998	11.9100466648365	0.000558320015102023	0.0227980672833326
"8076"	"ARRDC3"	-0.859583791894111	6.4196235100231	11.8874202421412	0.000565143421025401	0.0229504122589238
"26639"	"TBL1X"	-0.809058413373481	6.83167852768621	11.8865864984544	0.000565396453609057	0.0229504122589238
"21764"	"PAQR8"	0.609280373075487	4.63283499691029	11.8805979608477	0.000567217277336688	0.022956404262712
"18766"	"CD68"	-1.30078594905808	6.30446188088936	11.8552278791525	0.000574996992096687	0.0231299880076907
"5411"	"ETV6"	-0.723377594273793	5.38991931012044	11.8537118475474	0.000575465278815916	0.0231299880076907
"24186"	"LOC104976076"	-1.55927499958648	6.48622309716915	11.8501602448541	0.000576563841008033	0.0231299880076907
"11431"	"PLEK"	-1.224376844985	6.8669595739308	11.832316808645	0.000582115201529115	0.0232153325769462
"16657"	"GAS2L1"	0.988464448590991	3.10553347352687	11.8321584017451	0.000582164725216017	0.0232153325769462
"16951"	"KIAA0182"	-0.574413764122246	6.53235242628928	11.8270391685786	0.00058376747369143	0.0232153325769462
"7926"	"GM2A"	0.672988147971754	4.84964037450261	11.761359194172	0.000604730512857579	0.0239794873884566
"11129"	"HEATR5B"	-0.895069199075809	6.62354905811514	11.7470411046947	0.000609400412746556	0.0240950249650799
"15962"	"FAM129A"	-0.784240022966533	6.08745355326283	11.7395729522375	0.000611850613184111	0.0241223862439253
"16142"	"MND1"	1.3530792029715	0.505221382064226	11.7318095186605	0.00061440823850377	0.0241538138460508
"23314"	"ORAI2"	-1.1922901886752	4.51268040643724	11.7134679697078	0.000620493742319877	0.0243233546989392
"21597"	"PIM1"	-0.807611568729062	6.99093986321779	11.6904701752464	0.000628210224139627	0.0245547289694386
"18817"	"PIK3R5"	-0.656986504664844	8.28980695946319	11.6852489847097	0.000629975553734867	0.0245547289694386
"1038"	"EAF1"	-0.747331776897326	6.37479624859796	11.6664679413282	0.000636367113054861	0.0247335886433787
"3209"	"SLC6A9"	-0.863596169649787	5.66804671336347	11.6557073018149	0.000640058641682987	0.0248067925533632
"9843"	"TLE3"	-0.825375319827288	7.38126564290371	11.6409059629656	0.000645171728959122	0.0249345242854061
"19473"	"LGALS3BP"	-0.982020409275974	6.5709357854522	11.612820858569	0.000654987349795637	0.0252427708966184
"12114"	"LRRC63"	-1.57633118121129	4.01562292533935	11.5983281029148	0.000660111364547211	0.0253689857747556
"12036"	"LOC613699"	-1.14068342706109	4.48784020409764	11.5923307505492	0.00066224359669731	0.0253798383985673
"23646"	"ENTPD1"	-0.991104007679175	5.70427301454692	11.5676147767437	0.000671104503931157	0.0256291007297946
"19894"	"SEPP1"	0.938498470460805	4.78297384777393	11.5572765138899	0.000674846300662428	0.0256291007297946
"6545"	"SH3BP2"	-1.21562191928902	6.7071893319502	11.5563831830135	0.000675170617382871	0.0256291007297946
"4491"	"GLIPR1"	-0.99692352100596	6.77680107035204	11.5523966847892	0.00067661980402335	0.0256291007297946
"5525"	"C1R"	1.90819620110754	4.47157902354624	11.5483674384653	0.000678087723390338	0.0256291007297946
"21307"	"NRADD"	-0.925623565326678	5.17510610134329	11.5287562391305	0.000685278463485093	0.025829726700592
"9581"	"TIAM2"	-1.91732974972478	5.69727998358597	11.519857345058	0.000688566735240577	0.0258825633082211
"21502"	"BOLA-DMB"	0.708500615380132	7.94253619311109	11.4925608199719	0.000698752972224638	0.0261936906527925
"2977"	"WLS"	-1.18362378496477	8.26986519173811	11.4863840552356	0.00070107899546032	0.0262092747076719
"9944"	"LRP10"	-0.920778856416146	7.86151776468281	11.4599096412404	0.000711137577401413	0.026442622324093
"19454"	"LOC509283"	-1.15369305390023	8.27461268836715	11.4560580567476	0.000712613032145453	0.026442622324093
"4171"	"TMEM140"	-1.2102640274584	6.72711013471178	11.454781358093	0.000713102788623499	0.026442622324093
"6618"	"FBXL5"	-1.05936086155688	8.24425921869132	11.4466205153947	0.000716241427010084	0.026456764988624
"19660"	"HELZ"	-0.677511752622126	6.7088961621927	11.4437704015826	0.000717340858292137	0.026456764988624
"11212"	"MCFD2"	0.554055354263928	5.92209743755149	11.4147731401759	0.000728623933822985	0.0267340401799966
"16614"	"SGSM1"	1.12516503004141	2.31235423019167	11.4144366657989	0.000728755905781248	0.0267340401799966
"2191"	"SLAMF6"	-1.08543813780936	8.30034809627344	11.4058102846121	0.000732147603276118	0.0267868403118622
"22092"	"HIST1H3G"	-1.93933290461498	1.65199909903909	11.3795309925758	0.00074257864552785	0.0270962207889418
"341"	"FAM162A"	0.663471275188878	6.32548288654846	11.3632515244558	0.000749115648405024	0.0272622458782942
"19090"	"RARA"	-0.862287145192218	8.12316077383791	11.3376809104261	0.000759501102679618	0.0275170545584053
"23473"	"TNRC18"	-0.811331801771207	7.64533521786106	11.3353381192868	0.000760459867801486	0.0275170545584053
"889"	"LOC101907799"	-2.15537992192289	4.48310656616025	11.3287362831146	0.000763168190670419	0.0275170545584053
"15939"	"RNASEL"	-0.855002145821224	5.48085091426693	11.3263736939366	0.00076413978037554	0.0275170545584053
"12336"	"LOC107131195"	-1.4075722698546	4.11051889026879	11.3157379994896	0.000768529098150647	0.0276026681325311
"23909"	"RGS10"	0.589984818880232	6.23185192757384	11.3076401040815	0.000771888150620874	0.0276509280065754
"15657"	"SLC25A33"	-0.940411249141158	4.5757122544754	11.2990999906923	0.000775446712374484	0.0277060648275467
"19969"	"PDZD2"	-1.74630991964927	2.26245577255423	11.2929740492934	0.000778009524567547	0.0277254303300435
"1888"	"ZDHHC18"	-0.873169635863782	7.72964083641346	11.2836355672677	0.000781932794760336	0.0277930516686835
"8668"	"BMP1"	1.2559503232021	0.417517635662694	11.2581851775577	0.000792726770399718	0.0281039051418195
"19862"	"SNX18"	-1.07803006175282	7.12887511857651	11.2419613166529	0.000799686072181885	0.0281518161890329
"19182"	"STAT5B"	-0.781867310259229	7.69343437277974	11.2403601549438	0.000800376236746925	0.0281518161890329
"20510"	"LOC101905447"	0.664797488718938	5.25578661448206	11.2387695450615	0.00080106244906625	0.0281518161890329
"22161"	"FAM8A1"	-0.813733768333316	4.95583225822565	11.2359374605406	0.000802285723754509	0.0281518161890329
"22169"	"LOC574091"	-1.09235377888145	2.90510267215392	11.2251043387755	0.000806982368924052	0.0282443829123418
"6252"	"TEC"	-1.19998379041177	6.72655473602889	11.2109263196529	0.000813171185688784	0.02838857167341
"23859"	"CASP7"	-1.23452603455835	5.98172388521746	11.1971718622942	0.000819220953503033	0.0284841530809423
"5666"	"LGALS1"	0.752246743500511	6.37463921376361	11.1927126178433	0.000821192058259386	0.0284841530809423
"26149"	"MED12"	-0.639027079527612	6.6778056589596	11.1905778847103	0.000822137362977634	0.0284841530809423
"926"	"SUMO3"	0.586216122383226	4.76145190395904	11.1453786162961	0.000842412773068898	0.029113106414371
"3338"	"LOC107132345"	-1.91721494750124	0.618464707579946	11.133658402556	0.000847752234160597	0.0292240217404105
"22594"	"SKA1"	1.09953021409276	0.914303885804966	11.1072201659164	0.000859922853479172	0.0294943942117198
"22167"	"LOC100848122"	-0.927049797994462	3.40827332578102	11.1059782562462	0.000860498879573595	0.0294943942117198
"9444"	"SLC18B1"	0.721499210971381	4.71008828485961	11.1026498121994	0.000862044612164696	0.0294943942117198
"23147"	"TBC1D10B"	-0.948187060272125	7.15659285684387	11.0954461047495	0.00086539963832297	0.0295355299447541
"16521"	"SDS"	-1.52534987119815	12.4977439960084	11.0832555575857	0.00087110731122225	0.029591112314895
"13601"	"LOC101908059"	-0.981780735486465	4.74440259752101	11.0827564793242	0.000871341791196615	0.029591112314895
"22059"	"LOC104975680"	1.07619922796699	2.85524934752086	11.0663423467575	0.000879089237747926	0.0297043072631426
"9500"	"LOC107132783"	-1.10926572350153	3.82254297101226	11.0648576456457	0.000879793439529368	0.0297043072631426
"12115"	"KIAA0226L"	-0.58914444130197	6.90708560144669	11.0592930629933	0.000882437828782474	0.0297043072631426
"21401"	"SLC6A6"	-0.942147962217901	6.72571081098026	11.0574087984794	0.000883335084793163	0.0297043072631426
"14373"	"CBL"	-0.736923795874711	7.66133575816464	11.0480947673525	0.000887783839503496	0.0297809151051051
"16675"	"OSM"	-1.02507697524803	3.02031315158	11.0307575299692	0.000896125210199487	0.0299247420573106
"2878"	"LOC507055"	-1.39659765142147	8.03029606991803	11.0301196852307	0.000896433599530223	0.0299247420573106
"890"	"MX2"	-1.81621426655306	7.14599277624277	11.0199767617074	0.000901352009500035	0.0299641378572097
"22854"	"MEFV"	-1.23958157081947	5.07039760316871	11.0152532805832	0.000903651776678006	0.0299641378572097
"15474"	"HLX"	-1.38184298070097	4.39271642066368	11.0141994467055	0.000904165675866239	0.0299641378572097
"7244"	"KDM4B"	-0.665961816830593	6.68062450491823	11.0012398069993	0.000910509619045434	0.0301016674055502
"7309"	"NCLN"	-1.03717330148723	6.78382592839842	10.9946025230781	0.000913776077686919	0.0301370379467897
"9499"	"PHACTR2"	-1.14929400623022	5.97322649549051	10.9882260413527	0.000916925343603183	0.0301683830077594
"16217"	"RNF150"	-0.9493427179335	7.12771741740233	10.9645685463353	0.000928705677021431	0.0304125223328906
"6626"	"TAPT1"	-0.653014808626494	6.37944379597233	10.9644223984131	0.000928778925472388	0.0304125223328906
"22833"	"LOC505972"	-2.36531814254029	1.74332305244161	10.9449912765058	0.000938569885101388	0.0306240231936599
"7100"	"DNM2"	-0.871477818638535	7.75589360505613	10.9427573799097	0.000939702169426444	0.0306240231936599
"7470"	"PDLIM7"	-0.854268235017646	6.84865424195076	10.9353412337973	0.000943471068245928	0.030673988285152
"6795"	"USHBP1"	1.43980843128865	0.50017480102246	10.9212096983252	0.000950695103016388	0.0308357844288058
"15272"	"STX3"	-0.961106935104832	4.30462488108323	10.9129522579794	0.000954942165045135	0.0309004870387246
"13863"	"NCOA2"	-0.673639286477953	7.17022237083103	10.8866086861596	0.000968620158372066	0.0312693378185053
"10714"	"TMEM229B"	-0.648665405121597	6.62932024818914	10.8709667671681	0.000976835250639303	0.03146051558397
"21326"	"CCR5"	1.08950014774067	2.4639294121742	10.8254718585995	0.00100113177039516	0.0321319823745426
"17104"	"NLRC5"	-0.772082979123018	8.86536336350205	10.8231870494723	0.00100236796328748	0.0321319823745426
"532"	"MCF2L2"	-1.07444664693028	4.26581928726047	10.7853764748077	0.00102305094980958	0.0327185525207165
"4177"	"LOC100298868"	-1.02640284530862	7.94121262116285	10.7778592049604	0.00102721417576004	0.0327752988172737
"17916"	"LOC104974925"	-1.02176104579133	2.51561349146329	10.7682413305071	0.00103256575784364	0.0328696106673195
"10959"	"ARID5A"	-0.762390211597909	6.35741617296355	10.7556232430968	0.00103962950977813	0.032940388142553
"7121"	"RAB3D"	-1.2357177743732	6.03410884944075	10.751618104892	0.00104188183574861	0.032940388142553
"23160"	"FBRS"	-0.699712612972152	6.41999227407929	10.7514226641838	0.00104199186981545	0.032940388142553
"11921"	"NOTCH1"	-0.740190632218176	7.51545402419642	10.7304517987839	0.00105386712240409	0.0332392113089289
"3596"	"SHFM1"	0.647383961301468	6.43720393574357	10.7226205112086	0.0010583367989181	0.0333036258742116
"18609"	"MNT"	-0.714026369745519	5.77226411598153	10.7053016706895	0.00106828967052199	0.033369929806112
"220"	"NFKBIZ"	-0.633490517590898	5.53989687883175	10.7047524577932	0.00106860683885372	0.033369929806112
"5661"	"GGA1"	-0.841669833116928	5.79241317631815	10.7039084104449	0.0010690944586246	0.033369929806112
"21379"	"LOC104968417"	-0.813506175597488	6.91662573553711	10.702043447498	0.00107017267599776	0.033369929806112
"14837"	"UCP2"	-1.27975983812559	9.68808794990952	10.6948636305419	0.00107433392352587	0.0334237220652491
"18015"	"NLRP12"	-1.0905452739647	4.00614236858684	10.690125294813	0.00107708910893253	0.0334336257342857
"9088"	"OGFRL1"	-0.905935830909436	6.51145171164056	10.681839565645	0.00108192417426583	0.0335078999343728
"2028"	"AKR7A2"	0.745978044143328	4.92409347760695	10.6496617981821	0.00110091035512557	0.0339563204959102
"25542"	"XPNPEP2"	1.04718678456298	2.28433687370728	10.6489183835722	0.00110135296069097	0.0339563204959102
"15246"	"LOC100138922"	-1.06330635608299	4.29713406555065	10.6383669157601	0.00110765441480704	0.0340740326707456
"20727"	"ZNF839"	-0.894470411675233	6.30878289070258	10.6308624605095	0.00111215834270878	0.0341360457762068
"7325"	"GNG7"	-0.970429865072936	7.17863685495579	10.6253312234538	0.00111548986595784	0.0341618771449588
"8410"	"CD274"	-2.00465662249352	6.31772588644313	10.6195142073904	0.00111900440959528	0.034193185968034
"13033"	"LOC107133069"	-1.50990050686232	0.712982806381395	10.6073079279887	0.00112641569893307	0.0342769310053426
"19306"	"ITGB3"	0.686772028124737	5.65090342888891	10.6067729052188	0.00112674168246425	0.0342769310053426
"19641"	"SLC16A6"	-0.947301647264092	6.67594008168552	10.6012146181332	0.0011301339374529	0.0343040655350747
"20651"	"WARS"	-1.1108453825014	8.46510609740798	10.5765392159345	0.0011453186752485	0.0345599393019718
"6637"	"KIAA0232"	-0.771574334261274	6.6831084075828	10.5762837341551	0.00114547696844831	0.0345599393019718
"461"	"LOC100847171"	-1.43276844157592	4.35761017150152	10.575245559061	0.00114612043603478	0.0345599393019718
"19545"	"GALK1"	0.743546780822459	4.67164763516103	10.5544908269778	0.00115906136778177	0.0348735130832585
"4212"	"TBXAS1"	-0.974328082975131	6.6457906374927	10.5435724953393	0.00116592837629345	0.0350033639447398
"20971"	"IL17RE"	-1.27148831050018	0.647000960422276	10.53720556712	0.00116995179773237	0.0350463410703434
"8922"	"ABCA1"	-0.746582180329822	5.32150478768087	10.5312313771708	0.00117373981239875	0.0350463410703434
"5321"	"STK38L"	-0.88098356165783	7.27024657629319	10.5224689987867	0.00117931817571761	0.0350463410703434
"12968"	"GPCPD1"	-0.7928613021885	8.57638902503198	10.5218151198135	0.0011797355265102	0.0350463410703434
"3916"	"HIBADH"	0.531612057453713	4.33684460129674	10.5211943340984	0.00118013189318503	0.0350463410703434
"16568"	"DYNLL1"	0.613723338433028	6.16063470888445	10.5118996419561	0.00118608261714968	0.0350732971945896
"3964"	"STEAP4"	-1.29223867810521	8.37470538322599	10.5117910421634	0.00118615232494822	0.0350732971945896
"18556"	"LOC107131168"	-1.03482398927115	6.7759500231361	10.5073657381891	0.00118899635828997	0.0350817850230932
"6854"	"BRD4"	-0.58442633992474	7.32556479876393	10.492692194322	0.0011984761478829	0.0352856067574107
"11009"	"RNF149"	-0.788557737830966	9.32603855621017	10.4636520867553	0.00121746348227948	0.0357481514108594
"5407"	"MANSC1"	1.17361371791785	1.57207982289735	10.4595270483355	0.00122018514314134	0.0357481514108594
"9875"	"KHNYN"	-0.823773104632901	6.85761612955062	10.4567768239434	0.00122200313496305	0.0357481514108594
"8844"	"FGD3"	-0.679446951921909	8.02553831199698	10.4469692839992	0.00122850859812883	0.03583972674776
"10408"	"NIN"	-0.819911746061631	8.85589989100207	10.444190796504	0.00123035796634074	0.03583972674776
"303"	"CD80"	-0.843502843592812	6.36074509008801	10.4342555081012	0.00123699399866399	0.0359566899611651
"8757"	"UBAP1"	-0.945596659827087	6.36955723089354	10.4240584078828	0.00124384257130152	0.0360793236326782
"16413"	"HIP1R"	-0.830065705748114	7.35958646104109	10.4138110537226	0.00125076355461581	0.0362035358002718
"25237"	"AP5B1"	-0.975423061522849	5.14768808873218	10.4025287569329	0.00125842861752195	0.0363487171208445
"2422"	"S100A4"	0.864590620742537	7.75568068225939	10.3937393121487	0.00126443299672653	0.036445421670353
"13603"	"PARP10"	-0.962762433311996	7.15133445442798	10.3801125432256	0.00127379929875221	0.0364928806647346
"8613"	"TDRD7"	-0.898182896908244	6.22288332478046	10.3801072832741	0.00127380292768231	0.0364928806647346
"1961"	"LOC104971364"	-1.76869349799239	2.68252095769258	10.3797361197708	0.00127405902612302	0.0364928806647346
"2571"	"TXNIP"	-0.864544998785753	10.9489415140397	10.362556865667	0.00128596971192744	0.0367092497297248
"24393"	"LYST"	-0.996331357095819	8.12990699455189	10.3607627615131	0.00128722007814175	0.0367092497297248
"21329"	"LOC529196"	-1.40813428133587	4.78817649749072	10.3572957636598	0.00128963982286643	0.0367092497297248
"7626"	"ABCA7"	-0.766685144250678	5.83276416643891	10.344175992922	0.00129883834190598	0.0368324952373723
"17915"	"LOC618268"	-0.879348600682446	5.41726741479999	10.3406353389709	0.00130133212099204	0.0368324952373723
"21010"	"LOC101907965"	0.720845321506197	5.46475677597887	10.3396551691061	0.00130202333747271	0.0368324952373723
"16215"	"IL15"	-1.05757457509298	5.41912989488753	10.3325224505029	0.00130706454010495	0.0368990236424688
"16755"	"GGT1"	-0.967631009866727	2.40672969498199	10.3159557663052	0.00131884977144689	0.0371180591937657
"23112"	"BOLA2B"	-0.912764623362025	5.78160567384972	10.3140195306636	0.00132023417540508	0.0371180591937657
"25366"	"CARS"	-0.881651611914959	6.01799325095138	10.3047234109484	0.00132690139234329	0.0372031723326539
"18512"	"SPAG5"	1.0371371609346	2.4494458906764	10.3022449175917	0.00132868472616621	0.0372031723326539
"714"	"P2RY13"	-1.31128237781637	5.71589896424666	10.2725776797523	0.00135022027855509	0.0377291694944518
"17108"	"LOC101908034"	-1.30588832147828	0.712157637744168	10.2541430723765	0.00136377968444264	0.0380306042084411
"19695"	"DUSP1"	-1.01781352624816	6.80406168625043	10.2407313470059	0.00137373111149111	0.0382304074029575
"14986"	"CD82"	-1.14092344624989	7.21606643029356	10.228946595712	0.00138253599683812	0.0383722838316295
"12165"	"DHRS12"	-0.871592681567305	4.05946370562487	10.221029243948	0.00138848345008213	0.0383722838316295
"4213"	"PARP12"	-0.649842542242123	7.40727511874959	10.2203808177334	0.00138897168890177	0.0383722838316295
"4853"	"LRRK2"	-1.15088671863735	8.36453177276001	10.2189941143273	0.00139001640410495	0.0383722838316295
"2604"	"NOTCH2"	-0.851279345893575	8.61770795086107	10.2106784177984	0.00139629799811816	0.0384682902292794
"22310"	"PQLC1"	-1.2046672866399	5.54011386529965	10.2021703835393	0.00140275462941268	0.0385687244800441
"26023"	"TMEM164"	-0.799548610327532	7.35997434905288	10.1950685402323	0.00140816726339535	0.0386401097075683
"15192"	"UBE2L6"	-1.31783578877638	6.23771948275115	10.1889712146271	0.0014128311773806	0.0386907060951334
"25446"	"IFITM3"	-1.37132251292151	9.48436127641052	10.1826422941166	0.00141768878441871	0.0387463946657864
"24663"	"NCOA4"	0.557368166311088	7.00013054651064	10.1717988612466	0.00142605073410652	0.038897447459128
"17924"	"LOC107131224"	-1.12077129107123	7.92087857311832	10.1580883353841	0.0014366951853522	0.0391100356012542
"25012"	"MS4A8"	-0.987456201047172	6.87054184778315	10.1499301866781	0.001443067074021	0.0391732719194834
"20114"	"IGF1R"	-0.833656246656076	4.50758946852897	10.147808947446	0.00144472854163692	0.0391732719194834
"25995"	"TSC22D3"	-0.86815979404113	10.0073757815325	10.1371287156669	0.00145312334276648	0.0392144009861075
"1736"	"SP140L"	-0.763503947769733	5.43128280795439	10.1364854191765	0.00145363055646369	0.0392144009861075
"6532"	"LOC101908403"	-1.36502952658852	2.5395282161485	10.1349777726846	0.00145481997827469	0.0392144009861075
"23887"	"SHTN1"	0.635846040810276	4.88678669499734	10.1307066848361	0.00145819490461022	0.0392283021397103
"13721"	"FAM84B"	-0.837959554355916	5.80418499032385	10.1033384154592	0.00148000972626991	0.039737247445055
"21522"	"KIFC1"	0.695018855975626	3.99801743342412	10.096528689205	0.00148548881097186	0.0398064579815117
"11656"	"CMPK2"	-1.12433235742495	5.02518194550902	10.0861238864121	0.00149390018093052	0.0399538216030541
"25420"	"IRF7"	-1.12530162704986	5.97191510415477	10.0810421556554	0.00149802582910352	0.0399862147379384
"6485"	"AFF1"	-0.648226382408958	6.46516395078384	10.0761589021947	0.00150200121279075	0.0400144789116292
"26558"	"BMX"	-2.93577507073173	3.8237694618913	10.0633626119294	0.00151246923696308	0.0402152673083981
"23576"	"FAS"	-1.11731144929367	7.07135782175668	10.0589799127092	0.00151607147151772	0.0402330765748996
"6208"	"RBM47"	-0.894536597997382	6.69932758106669	10.0378254281153	0.00153358136770001	0.040616382413279
"9560"	"CCDC170"	-1.38915024784955	3.65612684686489	10.0343997772779	0.00153643604026908	0.040616382413279
"8408"	"PDCD1LG2"	-1.13099203324271	4.22579682578178	10.0243512921361	0.00154484075639762	0.0406923151750502
"5281"	"CYTH4"	-0.832526808385226	7.86093127049195	10.0238750482927	0.00154524024826539	0.0406923151750502
"13042"	"OPRL1"	-1.0836523528878	1.53214678013955	10.0185447030871	0.00154971869491897	0.0407320699124297
"17573"	"CIC"	-0.560861176488666	6.42305979307015	10.0143156703635	0.00155328119224911	0.0407476442785043
"13815"	"TOX"	-0.582983922941895	5.80611943438854	10.0038588894657	0.00156212553891479	0.0409014549502116
"6763"	"MAST3"	-0.635447564697512	7.28850513649989	9.99844307893582	0.00156672626478385	0.0409437797196847
"5987"	"ALPK1"	-1.53652162208983	6.50280280346274	9.98390271197815	0.00157914629762395	0.0410413904677165
"4764"	"KMT2D"	-0.768229781169539	7.42098182043058	9.98389616742702	0.00157915191021778	0.0410413904677165
"1303"	"BAZ2B"	-0.718824804699172	6.1246298254147	9.98356559481594	0.00157943543490921	0.0410413904677165
"14582"	"PRKCDBP"	1.03817339732875	2.11499167908657	9.96797010366114	0.00159287010000956	0.0413122453159378
"19092"	"TOP2A"	0.850301454611041	4.72243622482487	9.96197997296482	0.00159806098755535	0.0413686731118103
"16535"	"OAS1X"	-1.45650577366231	5.25772386316963	9.94574991044978	0.00161221180554003	0.0416563954275127
"11067"	"TET3"	-0.586483672494018	5.73052265405539	9.9317667440433	0.00162450533727932	0.0418295844869878
"2631"	"PTGFRN"	0.793739457959277	3.82899251748619	9.9311924261979	0.00162501228364173	0.0418295844869878
"12049"	"LOC786073"	-1.28835869353088	9.21880469462032	9.92157071035797	0.00163352917790503	0.0419267227485651
"21594"	"FGD2"	0.749821194285582	6.53345918571593	9.9200293837364	0.00163489771650746	0.0419267227485651
"13211"	"FOXS1"	-1.31038690793476	3.66934454307341	9.91657957084553	0.00163796500413274	0.0419270146580245
"21540"	"NUDT3"	-0.972492967757818	8.69889314642367	9.8756644099999	0.00167479108969868	0.0427696236611358
"23044"	"IGSF6"	-1.66032866084668	7.97031069885014	9.87310993833745	0.00167711789575008	0.0427696236611358
"20174"	"LOC522540"	-0.66271186336918	6.60775948652657	9.86791674626346	0.0016818583503638	0.042787886816383
"26423"	"GK"	-1.10617918073201	5.68513540985787	9.8654450481243	0.00168411933418654	0.042787886816383
"22519"	"RAB31"	-0.908372988033746	7.1861613710505	9.86159424455195	0.00168764799147222	0.042787886816383
"11013"	"MAP4K4"	-0.781684326255626	7.87415880637652	9.85869607547085	0.00169030864828568	0.042787886816383
"6784"	"LOC100298356"	-1.15146353208632	3.39133971391792	9.84326708586141	0.00170454489995343	0.0430618025181149
"10926"	"LOC107131413"	-1.03933837061926	4.18192886475255	9.8362146300768	0.00171109256276354	0.0430618025181149
"13775"	"LOC101905910"	-0.802346450461047	4.89722282963688	9.83230175243902	0.0017147363547986	0.0430618025181149
"23142"	"C25H16orf54"	-0.726804489318614	8.3417037088131	9.83201076410865	0.00171500764596254	0.0430618025181149
"26343"	"AMER1"	-0.674387503110629	5.47309364083436	9.82761322356442	0.00171911281331838	0.0430618025181149
"18537"	"MIR4523"	-1.31408402949296	0.195888792115665	9.8267057318553	0.00171996120844949	0.0430618025181149
"17024"	"LOC532875"	-0.518943455816656	4.94703358730349	9.7862398551968	0.0017582263429754	0.0439396455840119
"18154"	"OSCAR"	-1.53081546634273	5.72976105448161	9.77759907385466	0.0017665083316858	0.0440663532922347
"17923"	"LOC789748"	-1.21740840225015	5.92557874692961	9.76816495991468	0.00177559586438586	0.0442126592729111
"19482"	"PGS1"	-0.802398518694494	7.64833132043849	9.75756234074061	0.00178586553087107	0.0443777385134693
"19343"	"LOC506088"	-0.821578373684202	6.00399172478316	9.75465244262402	0.00178869456253269	0.0443777385134693
"12112"	"CPB2"	-1.14518326343135	2.98021529044586	9.74983516068344	0.00179338795801586	0.0444138678411147
"1644"	"CYP27A1"	1.19327719603412	3.93929462592376	9.7348260617972	0.00180809124049147	0.0446394768233296
"23491"	"AMZ1"	-1.47848529484799	0.978182042088451	9.73389734529574	0.00180900503744689	0.0446394768233296
"5503"	"CLEC4E"	0.941835413802166	2.71615460839251	9.71386553794074	0.00182882937085655	0.0450476462623912
"13091"	"LOC100847256"	-2.45786547965381	4.28943430026185	9.70735316713773	0.00183532160468644	0.0450844222902049
"14880"	"LRRC32"	-0.958985940592686	1.53799410860488	9.70481115969	0.00183786208583573	0.0450844222902049
"1995"	"ECE1"	-0.816936394737767	7.68220219977779	9.69931481754952	0.00184336731928255	0.0450844222902049
"6946"	"ADGRE5"	-0.856428962295813	9.60125018335982	9.69921591151818	0.00184346653825109	0.0450844222902049
"23604"	"CPEB3"	-0.937639996636273	3.606426537275	9.68713279862456	0.00185562869614395	0.0453011133649378
"15737"	"PRDM16"	-0.971280282233986	3.52783975703685	9.67624578058263	0.00186665657496243	0.0454396487373913
"13089"	"SLCO4A1"	-1.24327115763541	2.86778953400992	9.67396755094273	0.00186897267329242	0.0454396487373913
"20473"	"NFKBIA"	-0.821471754344867	7.17372434212238	9.67174087170798	0.00187123917905438	0.0454396487373913
"24013"	"INPP5A"	-0.610912377862621	5.40785134612964	9.66161775098906	0.00188157853909734	0.0456099956827129
"10150"	"RNASE4"	0.940622359831009	5.89905125122845	9.65156920548971	0.00189189900325674	0.0457792845232494
"20095"	"CHSY1"	-0.719903269019114	5.62853114488181	9.64518353467579	0.00189848727333797	0.0458578263911918
"7879"	"FBXO38"	-0.642781349149722	7.19826652542704	9.62185542914094	0.00192275381702427	0.046362359173239
"17304"	"DPY19L3"	-0.883987938834461	3.93989314727494	9.61242043538725	0.00193265744440912	0.0463986053107538
"22773"	"MSRB1"	-1.28079387587514	7.12098245788007	9.61182906631751	0.00193327990606697	0.0463986053107538
"21227"	"TRAIP"	1.01932781917635	0.491431859750841	9.60952846841412	0.00193570339704045	0.0463986053107538
"21369"	"PLXND1"	0.701089929628416	3.72932458349317	9.60755539786721	0.00193778431800743	0.0463986053107538
"17575"	"GSK3A"	-0.644467258097761	6.69726699606684	9.58950747102332	0.00195692432986045	0.0467565015722433
"1130"	"NCKAP1"	-0.761954443729939	3.32567865945644	9.58704815147309	0.00195954725976967	0.0467565015722433
"5287"	"USP18"	-0.627468626126594	5.10318458807157	9.58086912239149	0.00196615309715753	0.0468326744670162
"18414"	"LOC504773"	-0.833565076683652	4.20006623863486	9.57237000991718	0.0019752761757048	0.0469684387013342
"18529"	"PHF12"	-0.542769297585489	6.72538020148901	9.56283256587704	0.00198556493064297	0.0470264160736525
"6638"	"TBC1D14"	-0.760036997235446	7.52335361979822	9.56264181995545	0.00198577125581663	0.0470264160736525
"22936"	"LITAF"	-0.931494516710098	7.80413099487554	9.56058524730599	0.00198799718095615	0.0470264160736525
"26614"	"TLR7"	0.705232989883872	5.51684805518361	9.55554468770894	0.00199346351964913	0.0470310474398413
"25773"	"CLIC2"	1.31646698545431	0.330644218763584	9.55408550271264	0.00199504880539269	0.0470310474398413
"2933"	"IFI44"	-1.24259873121143	5.89165489433303	9.53826628022273	0.00201231736579754	0.0472844625587331
"1777"	"LOC107131740"	-1.50102726483796	3.26315013614674	9.53792515491061	0.00201269140920555	0.0472844625587331
"9578"	"IPCEF1"	-0.623842271445619	6.61536174305233	9.52649181955969	0.00202526890565126	0.0474664751064036
"2934"	"IFI44L"	-0.917093653862016	6.54834909928482	9.52459956720961	0.00202735819332015	0.0474664751064036
"16298"	"FNIP2"	-0.5872335047428	6.06621909823181	9.52074484842663	0.00203162105690823	0.0474852485532896
"108"	"USP25"	-0.853576665272884	7.21258314827687	9.51724039377484	0.00203550445667339	0.0474951039890457
"23598"	"PCGF5"	-0.708444822416794	5.75339224226789	9.51028657452113	0.00204323250926773	0.0475944822192756
"9771"	"PAPD4"	-0.685304665718688	6.84992828743017	9.49840370586207	0.00205650733209506	0.0478225094853291
"20410"	"STOML1"	-1.17646994382105	5.41975679886604	9.48906649993596	0.00206699962859298	0.0479851690428015
"13218"	"HCK"	-0.966023381034995	8.16484811652253	9.47648589324064	0.00208122246137119	0.0482337367736702
"6814"	"CHERP"	-0.508497577930552	5.75941976179724	9.45797428415962	0.00210233117687341	0.0486407820349126
"22846"	"ZNF205"	1.28735077450958	1.081608072289	9.45107892885327	0.00211024930859071	0.0487417853768764
"8413"	"JAK2"	-0.774178026366668	6.70694206073304	9.43433380738558	0.00212960434846801	0.0491061708587917
"4697"	"ACVRL1"	0.680745456005504	4.69725884809332	9.41366024396488	0.00215374868593431	0.0495795838439911
"6390"	"PF4"	1.32171049829086	6.18149700303309	9.40141772848554	0.00216817722715124	0.049786568246587
"15036"	"SPI1"	-0.996040740112962	8.18872621579102	9.39987898266759	0.00216999765389643	0.049786568246587
