"genes"	"logFC"	"logCPM"	"LR"	"PValue"	"FDR"
"7191"	"LOC508459"	-2.41496015579858	6.21622822981239	53.9244296194611	2.08350965581191e-13	2.8546165794279e-09
"3540"	"UPP1"	-2.93106041375386	6.56541490301416	40.9040528920554	1.59889214089356e-10	1.09532106111913e-06
"17725"	"C5AR1"	-1.69769128941588	8.35784564917773	37.4027502440165	9.60865361394522e-10	2.94505779080899e-06
"17726"	"C5AR2"	-1.80743292508559	6.71105930268898	37.1842922949274	1.07476016013758e-09	2.94505779080899e-06
"6621"	"BST1"	-2.75915540121966	5.41041658726096	35.6139549866432	2.40558059660283e-09	5.49314329234256e-06
"25416"	"LOC101903832"	-2.52501308929931	5.23468969739849	35.1963172666042	2.9808671601607e-09	5.83440870876596e-06
"18109"	"FCAR"	-2.16107932945296	4.91909725492447	34.046144525518	5.38204445524402e-09	7.5177269080358e-06
"21330"	"CCR1"	-1.79833090979614	7.6847116230562	34.0085682622814	5.48699139335508e-09	7.5177269080358e-06
"25192"	"LOC100336747"	-1.42377161495214	5.70839561371089	33.5106840940084	7.08736011284478e-09	8.09199340884052e-06
"25473"	"LONRF3"	-1.78731013610947	6.12426768049458	33.1138804046973	8.69160301252873e-09	8.84658762318838e-06
"13453"	"MMP9"	-3.40896474812551	4.09744417093328	33.037540431949	9.03964869167487e-09	8.84658762318838e-06
"2981"	"GADD45A"	-1.88838640310213	6.09357939707956	31.323008254024	2.18475062444832e-08	1.76078048856274e-05
"6476"	"GPAT3"	-2.31822941253299	5.26490510614797	31.158729594297	2.37767692866402e-08	1.80980842220143e-05
"17727"	"DHX34"	-1.29623255594432	5.2730640747163	30.9949480537373	2.58700926558717e-08	1.86550599725315e-05
"18417"	"CCL16"	-2.78354054970647	6.10415005076077	30.1618266855992	3.97456024638571e-08	2.35244131281086e-05
"16895"	"VAT1L"	-1.95362153488247	6.2271108813552	30.0919990792305	4.12027632968109e-08	2.35244131281086e-05
"678"	"PTX3"	-3.34318129010779	1.62044222820564	30.0917694290268	4.12076428782283e-08	2.35244131281086e-05
"1622"	"CXCR1"	-1.94426529982914	7.50565595648096	29.6208081746789	5.25379084020772e-08	2.70596320853949e-05
"16419"	"LOC527744"	-1.8435083209375	5.54563530287245	29.5510840092008	5.44621856713625e-08	2.70596320853949e-05
"2431"	"PGLYRP4"	-2.32469838055512	2.42210139305734	28.6982722373622	8.45791581178241e-08	3.62130951678846e-05
"1025"	"LOC100847346"	-3.4890866458724	3.68454830920579	28.5679761400452	9.04660442140577e-08	3.75598567205092e-05
"16359"	"GLT1D1"	-2.15370343378053	2.68506047352496	28.3080434484257	1.03465172923041e-07	4.14144021770106e-05
"1824"	"LOC101902670"	-2.28894878420831	4.46907202627907	28.2649293981881	1.05795494941637e-07	4.14144021770106e-05
"4868"	"RAB3IP"	-2.22868419902733	5.90045638035169	28.1159293134389	1.14261523219472e-07	4.34860313786106e-05
"9281"	"CD24"	-2.52979954344571	7.42863713194568	27.9655220637655	1.23496334385334e-07	4.45269283529857e-05
"19483"	"SOCS3"	-1.26689834171112	7.48405851054322	27.8224687033015	1.32972839464585e-07	4.67143813719045e-05
"12070"	"LOC539110"	-1.97902393998498	5.08414139225799	27.6763261759537	1.43407030022861e-07	4.91204929585806e-05
"13661"	"SLC45A4"	-1.76423220657928	6.91356672672073	27.209139739448	1.8259345549239e-07	5.640414340815e-05
"8790"	"SLC28A3"	-2.76216925651131	6.84358891696305	27.0370618144968	1.99591674813798e-07	5.94479464483445e-05
"17107"	"CPNE2"	-2.57707281590843	2.74588548825775	25.8092742223248	3.76873233481473e-07	0.000107573753581868
"23582"	"IFIT3"	-1.85194999029455	8.83223759449654	25.7618528290391	3.86247625142498e-07	0.000107782215636653
"15276"	"TCN1"	-2.74229301770422	7.95439751134201	25.7267502613105	3.93337039765904e-07	0.000107782215636653
"22994"	"ITPRIPL2"	-1.31606964972665	6.44959639967354	25.6866463754958	4.01596328173345e-07	0.000107887672398098
"9043"	"MEGF9"	-2.36057163965467	6.06984177994395	25.5658710306883	4.27534885261645e-07	0.000112647220441727
"462"	"BCL6"	-1.88882740708554	8.17369007519516	25.3416357217184	4.80230223814284e-07	0.000119084652059921
"16034"	"RD3"	-1.90419716829526	3.22303537914561	25.3156881000537	4.86733852664446e-07	0.000119084652059921
"445"	"IL1RAP"	-1.25438146522692	4.36794647912415	25.2383641495013	5.06643058849285e-07	0.000121780992092878
"3568"	"HEPACAM2"	-1.88677519184628	2.42018900027296	25.1345146486661	5.34672740105013e-07	0.000126302607106531
"711"	"MED12L"	-2.15827582372177	4.42947050224081	25.0667783863764	5.53787780144497e-07	0.000127851783614479
"8699"	"LOC107132707"	-1.99089069267578	3.95919267432123	25.0178182114347	5.68029476235318e-07	0.000127851783614479
"5269"	"CSF2RB"	-1.58755121666693	6.62645366383331	24.5703140285708	7.1647026646931e-07	0.000150468185587598
"7976"	"ADAM19"	-1.67209259894124	8.95398417397263	24.5479601914226	7.24830322515251e-07	0.000150468185587598
"7335"	"C7H19orf35"	-1.70850722826818	4.91310638179284	24.2833025075569	8.31568056477311e-07	0.000170049461817845
"21228"	"UBA7"	-1.76333929091337	6.88743804594719	24.1805584320023	8.77132696485243e-07	0.000174168044558613
"20133"	"MCTP2"	-1.74148631613088	7.0216678407902	24.0881741908125	9.20237032907632e-07	0.000175936287822772
"13028"	"TGM3"	-1.3466485677046	8.44303144285402	24.0425771803662	9.42288140864014e-07	0.000176599160783055
"6479"	"WDFY3"	-1.61426555950763	6.75709242534319	24.0124338854376	9.57155861298531e-07	0.000176599160783055
"20400"	"SEMA7A"	-1.25264280307603	5.46967876126946	23.9927692196786	9.66981723708062e-07	0.000176599160783055
"24784"	"GAB2"	-1.48554718151956	7.69171198607466	23.942855272092	9.9237891890084e-07	0.000176599160783055
"11094"	"DYSF"	-1.88489214790068	5.52416124943172	23.9426355544263	9.92492181614132e-07	0.000176599160783055
"14870"	"DGAT2"	-1.92100664700062	8.77419993848017	23.6826959095898	1.13599381026421e-06	0.000197015837904177
"11106"	"TGFA"	-1.55806141679675	5.20529414891518	23.532768265588	1.22804334691482e-06	0.000208778453026232
"16151"	"TMEM154"	-1.58896079629644	7.8912129652607	23.4810064131419	1.26153062140503e-06	0.000210783305413053
"24833"	"PTPN5"	-2.78806248685454	4.20507525031216	23.4538954199911	1.27943395656185e-06	0.000211199092034384
"14890"	"MUC15"	-3.19188505731024	0.781298000126997	23.3343215488553	1.36148754110126e-06	0.000215927847811555
"20197"	"ABHD2"	-1.75992315505263	7.3247006750845	23.3324531953974	1.36281066202607e-06	0.000215927847811555
"17455"	"RYR1"	-2.09814256400406	2.71314954633817	23.3207603848046	1.37112055759472e-06	0.000215927847811555
"4607"	"GPR84"	-1.8047346495288	3.9573493136112	23.246368951289	1.42519272216759e-06	0.000221892789618388
"23254"	"NCF1"	-1.90056711079101	8.93125617386218	23.2095036670121	1.45277605685019e-06	0.000223645896122522
"22090"	"HIST1H1C"	-2.03409788228594	5.60786203585826	22.9495186581582	1.66311846825665e-06	0.000249037073854858
"18650"	"CAMKK1"	-1.79948245341007	4.11516006094958	22.9215476444036	1.68749545253701e-06	0.000249037073854858
"7630"	"SBNO2"	-1.37967023817831	8.29529452890012	22.9182188916093	1.69042025169709e-06	0.000249037073854858
"16945"	"CRISPLD2"	-1.66797197143906	7.25739280632374	22.88022866193	1.72416261352156e-06	0.000251305871998498
"6619"	"LOC104968939"	-1.91442913385214	4.6640067491257	22.8299411696916	1.76986853829577e-06	0.000254877920475295
"18567"	"GEMIN4"	-1.10305421616385	4.82423404868803	22.8126371222844	1.7858755102276e-06	0.000254877920475295
"12682"	"PFKFB3"	-1.5779706864879	8.47357045471697	22.766049776427	1.82969626076927e-06	0.000258439881121647
"17577"	"DEDD2"	-1.44788767479053	7.48348225251298	22.6819318067388	1.91156906291161e-06	0.000267249058479102
"8700"	"SLC25A37"	-1.99086397933874	7.81112439790528	22.6598528882528	1.93366102270334e-06	0.000267606966384429
"21331"	"XCR1"	-2.08297080289887	1.58304895799296	22.5843902874566	2.01112005578963e-06	0.000275543558843737
"11160"	"SLC8A1"	-1.58647204605418	4.90186496959724	22.5265449161441	2.07259692921404e-06	0.000278398534580015
"18777"	"KDM6B"	-1.42313617001811	7.82004524797713	22.4751979227423	2.12874519227935e-06	0.000280441710379032
"17124"	"ADGRG3"	-2.8205568405842	3.53576411470507	22.4507448800241	2.15601864169365e-06	0.000281329632474711
"26771"	"IL3RA"	-2.78003339041051	3.7706797900585	22.3048977267275	2.32612571357805e-06	0.000300662720771065
"1621"	"CXCR2"	-1.68353349943304	8.8475374465667	22.1109063392549	2.57343515311036e-06	0.000322378666442451
"23948"	"CHST15"	-1.23525379923677	6.23010110522706	22.1097928900811	2.57492822682261e-06	0.000322378666442451
"18546"	"SSH2"	-1.2433568555364	8.86778656056901	22.0998846797434	2.58825292377707e-06	0.000322378666442451
"25415"	"LOC107131983"	-2.51672712411276	4.95984861604221	21.9451210564537	2.80559246208093e-06	0.000343209127883668
"1856"	"PTAFR"	-1.42662405187042	8.00179211610473	21.8223971794956	2.99088376787173e-06	0.000362638039854961
"20862"	"TRANK1"	-1.58841766448784	8.18939201051174	21.7988566940028	3.02780504340985e-06	0.00036389435876981
"26268"	"SHROOM4"	-2.99867980771577	2.55306285968305	21.6903150526629	3.20404833206828e-06	0.000378674164590474
"4592"	"FGD6"	-1.37966960347296	4.45661340311089	21.6891121208859	3.2060581776874e-06	0.000378674164590474
"3286"	"SMAP2"	-1.39326449825686	7.39881470382119	21.65492065383	3.26371694950116e-06	0.000382189623291584
"3447"	"HDAC4"	-1.01718499432086	5.22000896528824	21.6268023608863	3.3119130949403e-06	0.000384546790794721
"1993"	"ALPL"	-2.47296750306803	2.85936259448469	21.5533091579529	3.44128386814991e-06	0.00039621033846657
"12544"	"RAB20"	-1.83007619110145	4.31826505888948	21.4735531275583	3.58742355671502e-06	0.000406209009508698
"2136"	"C3H1orf226"	-1.62118995542427	3.59245942669956	21.4344855765187	3.66126469855339e-06	0.000411172029794099
"16947"	"KIAA0513"	-1.28798116152149	7.49600533234278	21.4008253371174	3.72610755678956e-06	0.00041234118193625
"12818"	"SVIL"	-0.936340326221466	6.51794131005728	21.3941547537282	3.73909389657029e-06	0.00041234118193625
"26047"	"TRPC5"	-2.38803478613437	3.2537256187607	21.3582222949444	3.80983273629071e-06	0.000414273954919993
"9227"	"MARCKS"	-1.64028358750257	7.47958052442213	21.2441761297636	4.04337035068496e-06	0.00043620643444673
"2003"	"CDA"	-1.7909396438282	3.46625458248891	21.2069485367514	4.12267159914068e-06	0.000441286902967394
"16651"	"KREMEN1"	-1.84501554195927	3.80800536173911	21.1573128567792	4.23083747069083e-06	0.000449354296015001
"9844"	"LOC101903546"	-1.65117860813657	5.01907241857985	21.0953656265329	4.36983679109512e-06	0.000460547183652263
"13727"	"TRIB1"	-1.26969055498326	5.52595827899446	20.9102630700141	4.81308945218412e-06	0.000503390370873088
"17914"	"LOC506364"	-1.91763185450832	6.06404010755177	20.8596734923884	4.9419006847789e-06	0.000511926388975283
"7634"	"MIDN"	-1.24168566704539	7.66329208903459	20.8490319383415	4.96943359854847e-06	0.000511926388975283
"8872"	"GADD45G"	-1.39771593011471	2.2797632399642	20.6599348390221	5.48518287681994e-06	0.000560839482054552
"11655"	"RSAD2"	-1.90724160709319	6.10864050186644	20.5748959902747	5.73431605781378e-06	0.000581091478743619
"2334"	"SEMA4A"	-1.73342106958474	6.73221915078483	20.5636579098383	5.76807832341669e-06	0.000581091478743619
"18142"	"LOC107131323"	-1.59525558829339	6.97714521735043	20.3682004057413	6.38825805927295e-06	0.000638872435548166
"16117"	"LOC101903170"	-1.97167664050283	2.26069700814989	20.2360502403235	6.84507676998042e-06	0.000679597078445665
"1797"	"MARCKSL1"	-1.44711260395766	7.17542295263163	20.1366211045226	7.21028232283391e-06	0.00070931260507136
"14479"	"AMPD3"	-1.2959621205675	6.67574916607043	20.1266626233554	7.2479209335078e-06	0.00070931260507136
"22935"	"LOC616782"	-1.72215518973529	5.56570002265662	20.090134410043	7.38767780744435e-06	0.000712806856618275
"11479"	"FOSL2"	-1.25015456579423	7.5307274156981	20.0682981045688	7.47251217483149e-06	0.000715950274876687
"1947"	"CNR2"	-1.53441127705704	5.61025654919949	20.0378296913405	7.59251920430782e-06	0.000722396566793205
"16704"	"LIMK2"	-1.77207029106523	5.96782073025701	19.9129948496232	8.10475559517598e-06	0.000755396302105483
"12268"	"ATP8A2"	-1.44241893772188	6.02642005641769	19.8037480863428	8.5814237013646e-06	0.000789180052954343
"19175"	"DHX58"	-1.24844388513368	6.20737949625297	19.7407239523572	8.86911219020689e-06	0.000810104707453498
"5775"	"NFAM1"	-1.30725125564645	6.7516016621858	19.6933254906206	9.09183637469417e-06	0.000824948676620429
"6745"	"ELL"	-1.22200769741851	6.15680095430763	19.6464018696147	9.31786077829987e-06	0.000839894806075569
"1022"	"ETS2"	-2.13525463739274	5.61930839650554	19.5996018817762	9.54890938945972e-06	0.000855095474150245
"6127"	"HERC5"	-1.44994144549042	6.37205121645232	19.5727020500506	9.68430663902493e-06	0.00086158886533299
"9083"	"FAM135A"	-1.49593614890731	4.97459267228194	19.5169681983991	9.97100268021658e-06	0.000881372307881596
"19876"	"EMB"	-1.21431643253643	7.14569824698796	19.4476326524391	1.03395915825927e-05	0.000908094514571174
"20161"	"ISG20"	-1.94616735196318	7.4291555431837	19.4189882669978	1.04958309798511e-05	0.00091594509716522
"22840"	"MMP25"	-1.40434624300179	7.94660349065852	19.3367088135469	1.09579314079996e-05	0.000944242881893094
"12225"	"ALOX5AP"	-2.1345302333877	6.44174070723751	19.2799337436401	1.12886533444547e-05	0.000960546908776282
"4231"	"KIAA1147"	-1.60644845619281	6.37510225559519	19.2600153196263	1.14070405205847e-05	0.000960546908776282
"17022"	"DEF8"	-1.36793876526498	6.15964513653491	19.2546899467947	1.14389031008793e-05	0.000960546908776282
"16346"	"ULK1"	-1.28327566178464	6.540673192167	19.2449054490999	1.14976784934903e-05	0.000960546908776282
"11139"	"CDC42EP3"	-1.50794595211803	5.67782961681818	18.9385232146107	1.34998931229261e-05	0.00109152512318966
"11449"	"MXD1"	-1.45016367213439	9.17602390308875	18.9323728479178	1.35434837560938e-05	0.00109152512318966
"22168"	"ATXN1"	-1.15905842103465	6.42536831937826	18.8825117980897	1.39021319838638e-05	0.00111387783807554
"16535"	"OAS1X"	-1.4966062157607	5.47003038740022	18.819839473261	1.43664929190998e-05	0.00114439139235224
"2866"	"LOC786389"	-2.50520730411186	1.15819788526793	18.7911097013178	1.45845385238328e-05	0.00115504486887303
"12540"	"IRS2"	-1.23289259618771	5.85275016418424	18.7782960237904	1.46828572222693e-05	0.00115522631829288
"17646"	"BCL3"	-1.02617299032723	6.24480873211915	18.7609275011071	1.48171885832965e-05	0.00115522631829288
"6128"	"HERC6"	-1.32833612562254	7.33320691410008	18.7580220027529	1.48397804554081e-05	0.00115522631829288
"25189"	"EHD1"	-1.16017657279303	7.33428864384757	18.7024961219167	1.52782355381568e-05	0.00118263901191122
"21414"	"IQSEC1"	-1.33682703074214	7.18670214779642	18.6736633697147	1.55110195057903e-05	0.00118268604133795
"18456"	"CDK5R1"	-2.02843275265202	1.72560806545499	18.6703734335822	1.55378065426488e-05	0.00118268604133795
"16605"	"SELPLG"	-1.29505700127942	8.59182684237346	18.5758396820113	1.63276841590287e-05	0.00123594254509863
"23435"	"LMTK2"	-0.995239871840229	6.18146876512797	18.5621426654391	1.64454278481825e-05	0.00123801542279093
"12707"	"CREM"	-1.43489233108516	6.5281940728961	18.5479455288937	1.65683709642429e-05	0.00124045492120815
"18119"	"LOC619159"	-1.75327755484707	5.21499098209229	18.5234755016443	1.67824452614869e-05	0.00124965370938931
"10949"	"DUSP2"	-1.34306596420933	7.92913963055777	18.4745635114495	1.72187119834326e-05	0.001269139750479
"22479"	"LPIN2"	-1.10902473650915	7.11794143587009	18.4631623749995	1.7322030022595e-05	0.001269139750479
"1108"	"SLC40A1"	-1.66208524702501	7.45730794395197	18.3662931040398	1.82253748461164e-05	0.00132119503051133
"9451"	"SGK1"	-1.45167446254025	7.370647189467	18.3392744271319	1.84856726495555e-05	0.00133301158406084
"23085"	"XPO6"	-1.05381274037095	8.51246024075555	18.2679654378003	1.91907406551763e-05	0.00137285149985433
"1859"	"XKR8"	-1.37984903097801	4.00593681593219	18.2632249941461	1.92385583513635e-05	0.00137285149985433
"12686"	"IL15RA"	-1.93443934284917	4.14347948954775	18.206655852736	1.98185031688974e-05	0.00140690835190188
"2699"	"C3H1orf162"	-1.87436284518441	6.47533808615491	18.0932931758462	2.10341021585996e-05	0.00147788837782038
"4610"	"NFE2"	-1.4835179890811	8.96613936130287	18.0664788473392	2.13324242573731e-05	0.00148834746546852
"3393"	"ATG16L1"	-0.957790349443582	6.68051413821457	18.0604374170292	2.14002226623821e-05	0.00148834746546852
"23452"	"LOC101908535"	-1.67510571783646	3.62130055748933	18.0319290931003	2.17230826929579e-05	0.00150317149482938
"8735"	"PTK2B"	-1.34804109602057	8.53919057035799	17.9949606079357	2.21490540630263e-05	0.00152494567697248
"16772"	"MAPK1"	-1.24697205336405	6.22733406370029	17.9802195152338	2.23212404450215e-05	0.0015291165766862
"21308"	"NBEAL2"	-1.26400115962582	8.28307770793547	17.8543297308783	2.38476047334296e-05	0.00161484295972197
"1962"	"E2F2"	-1.41115216416518	7.05075880902192	17.8523969628322	2.38718385160206e-05	0.00161484295972197
"12941"	"KLF6"	-1.14774527505825	7.97109864319023	17.8452566198976	2.39615816156346e-05	0.00161484295972197
"20120"	"ARRDC4"	-1.478889268558	6.46616728578127	17.8387162246408	2.40440817300402e-05	0.00161484295972197
"13479"	"PREX1"	-1.17184860981319	7.89605531688268	17.7756846396572	2.48539347187661e-05	0.00166109151015519
"3341"	"CSF3R"	-1.44705694370574	10.5571131675066	17.7365011911397	2.53711367528482e-05	0.00168742691578045
"22169"	"LOC574091"	-1.34189040340292	2.9646648373925	17.6941782903479	2.59419350880982e-05	0.00171705532677311
"22146"	"E2F3"	-1.63210008758387	4.81318188365786	17.6824299090245	2.61026585471495e-05	0.00171938713824277
"21402"	"LOC101907298"	-1.63239508035992	2.89455940873063	17.6730627481547	2.62315224261024e-05	0.00171960808019153
"6600"	"SLC2A9"	-1.55143779445849	7.58270527526587	17.6600760122363	2.64112389551371e-05	0.00172314469011588
"13484"	"ZNFX1"	-1.29597788948054	8.38238024664657	17.6229415848481	2.6931979002582e-05	0.00174879167921505
"9266"	"FOXO3"	-1.20751051364588	6.89219901805493	17.5912273383083	2.73848724518025e-05	0.00176981196916107
"16894"	"NUDT7"	-1.47964182035524	7.13513610206412	17.5247211252368	2.83596194439682e-05	0.00182420256338877
"13520"	"ATP9A"	-1.64316040975237	3.17679926458221	17.5079627515257	2.8610690317747e-05	0.00183175265440865
"5011"	"STAT2"	-1.34229379581715	8.09899718555666	17.4943671877507	2.88160168447402e-05	0.00183631742692924
"23573"	"ANKRD22"	-2.00820401408613	4.11539480310397	17.4150136731885	3.0044344752738e-05	0.00190204643063138
"19621"	"KCNJ2"	-1.30683730075673	5.34061310360473	17.4099110870006	3.01251058643171e-05	0.00190204643063138
"16429"	"MLXIP"	-1.10304308177224	6.15343504448243	17.3740089435514	3.06995484216822e-05	0.00192942437121774
"24187"	"PPP1R3B"	-1.2419781522272	5.80810592500864	17.3575970419078	3.09657966341325e-05	0.00192975751269246
"9088"	"OGFRL1"	-0.994592635478969	6.60453277180582	17.3563240478711	3.09865449815592e-05	0.00192975751269246
"14798"	"LOC618664"	-2.04830661776713	5.72243271166468	17.3247723445972	3.15052904714521e-05	0.0019531854513546
"13602"	"GRINA"	-1.38131474775759	6.96345760914273	17.2904093203215	3.2080192115851e-05	0.00197986807287962
"7083"	"ICAM3"	-1.4216581178521	7.88122010615846	17.1964037389432	3.37073850010417e-05	0.00205255503066343
"4171"	"TMEM140"	-1.32290020742943	6.86656752422522	17.1719571110771	3.41439714924989e-05	0.00206961483657465
"16918"	"CMIP"	-1.02631212957016	6.50790834730924	17.1638694158696	3.42896553465036e-05	0.00206961483657465
"9505"	"STX11"	-1.57109703456935	6.16029500927602	17.1283326549363	3.49372199802177e-05	0.00209945110065334
"18155"	"TARM1"	-1.48981588481253	7.40446842182155	17.0746060981728	3.59396641371149e-05	0.00215025911940005
"4696"	"ACVR1B"	-1.10389505992489	6.04182258548416	16.9709214330748	3.7956721384173e-05	0.00224058430758986
"15052"	"LOC104974328"	-2.03758218842065	2.04889533892862	16.9507382995456	3.83623978182178e-05	0.00224058430758986
"14396"	"SORL1"	-1.32896203517129	9.18500868635804	16.9473674166934	3.8430575307176e-05	0.00224058430758986
"18025"	"MGC157082"	-1.22492491299558	6.40283139989071	16.9184689125386	3.9020080082564e-05	0.0022653140559797
"24973"	"FOXRED1"	-1.31809791140146	5.32724632981166	16.9000615266104	3.94003055976344e-05	0.0022719600851576
"5496"	"SLC2A3"	-1.32387496396122	9.31170159585606	16.8968892961695	3.94662068657404e-05	0.0022719600851576
"3346"	"STK40"	-1.08850295932792	7.48322141220472	16.8420384585271	4.06233858029586e-05	0.0023287908321604
"13977"	"DCSTAMP"	-2.00609211062559	4.51005100003221	16.8151420994231	4.12032168153942e-05	0.00234242852111085
"3567"	"SAMD9"	-1.53865125110076	9.6724467783696	16.7707884082324	4.21776232012165e-05	0.00237222490252284
"10360"	"CAPN3"	-1.58745130228113	3.20164103311097	16.7620465203752	4.23723896997699e-05	0.00237222490252284
"3395"	"SAG"	-1.45080300550761	3.14411395976308	16.7549733321784	4.25306396717116e-05	0.00237222490252284
"3936"	"LOC107132414"	-1.67352574998852	0.608541242953411	16.737583968495	4.2922226378579e-05	0.00237871732366723
"22940"	"SNN"	-1.19009025521862	8.4169693459324	16.7316425158156	4.30568495926919e-05	0.00237871732366723
"3217"	"ST3GAL3"	-1.05044494265176	6.17396158720293	16.7136930940626	4.34661368456555e-05	0.00238265689394856
"15403"	"CD55"	-1.49852317957822	9.23374137576315	16.713264083256	4.3475966972275e-05	0.00238265689394856
"12989"	"RNF24"	-1.51328025436705	6.11249396949549	16.6868164005023	4.40863112101553e-05	0.0023984505753204
"17081"	"LPCAT2"	-1.79627245391229	6.98191045647319	16.6781009916117	4.42893216229516e-05	0.0023984505753204
"18655"	"ANKFY1"	-1.15812470499769	7.70837791311943	16.5841945456115	4.65372456548334e-05	0.00251026300282233
"19473"	"LGALS3BP"	-1.09519929012206	6.67234442415119	16.4317724405639	5.04327789859182e-05	0.00267424936806122
"6269"	"SCFD2"	-0.982874792482918	5.11775750871624	16.4272482466595	5.0553287083268e-05	0.00267424936806122
"2384"	"ADAR"	-1.08256071727274	7.84975401012914	16.3556647173423	5.24990105564781e-05	0.00274246362382367
"7121"	"RAB3D"	-1.29939557274858	6.18835581603221	16.3479457884575	5.27132676270874e-05	0.00274246362382367
"2430"	"S100A9"	-1.88345033162834	10.0958161890327	16.3432651785379	5.28436170125865e-05	0.00274246362382367
"20876"	"MYD88"	-1.23991235406157	8.24435698862276	16.2869049625755	5.44388665508108e-05	0.00280480588806472
"25340"	"LOC507247"	-1.18991115439797	5.35015361985872	16.2817789063254	5.4586338200975e-05	0.00280480588806472
"18817"	"PIK3R5"	-0.810043764516594	8.30247211611377	16.2481379012427	5.55641775637793e-05	0.00284061491343784
"16532"	"SLC8B1"	-1.00295003204475	7.20629466722466	16.2261719153339	5.62121475452147e-05	0.00286305811716352
"2977"	"WLS"	-1.32016915546794	8.3671784548392	16.1309841573648	5.91090504024964e-05	0.00297740110134045
"18153"	"LOC101905804"	-1.88967838448562	7.00642085655529	16.1068531129753	5.9867003820315e-05	0.00300453413678438
"10952"	"TMEM127"	-1.01795089089898	6.28088038267571	16.0954426405279	6.02288017726031e-05	0.00301165990177531
"4245"	"MGAM"	-1.43855746002201	3.71593235103377	16.0615880016058	6.13152422298475e-05	0.0030548368501496
"345"	"DTX3L"	-1.35103873879305	7.15091323332693	16.0474420434974	6.17750234459587e-05	0.00305972185923742
"2514"	"FAM63A"	-1.2924540048322	4.89016989723909	16.0292522834747	6.23713389420919e-05	0.0030739198375741
"1823"	"SERINC2"	-1.71756894412111	4.77660349322443	15.9940297303803	6.35425514116198e-05	0.00312041755157922
"8873"	"SEMA4D"	-1.25571910988272	8.98496065663862	15.9764068110209	6.41368219335737e-05	0.00313089357920779
"22854"	"MEFV"	-1.3191202818391	5.21149437340676	15.9674374016569	6.44414268547256e-05	0.00313089357920779
"18766"	"CD68"	-1.40100768671233	6.43213111276663	15.8855055720339	6.72921046552881e-05	0.00321222018765865
"2388"	"TDRD10"	-1.36375509461625	2.67375046378285	15.8737296529996	6.77121250885622e-05	0.00321222018765865
"6707"	"GMIP"	-1.30600838405477	8.5292537073834	15.8633464094539	6.80846591195375e-05	0.00321222018765865
"10366"	"STARD9"	-1.4452371482268	5.5316826156223	15.862452406568	6.81168307347436e-05	0.00321222018765865
"24186"	"LOC104976076"	-1.67212710447272	6.66444206260543	15.8470239763461	6.86744539423511e-05	0.00322229004611011
"14823"	"ATG16L2"	-1.2800831744057	8.04227368981612	15.822461235961	6.95717046682111e-05	0.00324362652272557
"18555"	"CPD"	-1.33838856484207	6.39053588922307	15.8198380264062	6.96682219487399e-05	0.00324362652272557
"17919"	"LOC100300478"	-1.47425430378748	7.88455792745127	15.8151942109695	6.98394149481092e-05	0.00324362652272557
"23296"	"TMEM120A"	-1.35520549708271	4.75838799006095	15.6856446443296	7.4789655768524e-05	0.003443478649116
"12964"	"CDS2"	-1.18797164743539	8.68469579772733	15.6829451455378	7.4896477442272e-05	0.003443478649116
"1994"	"LOC101906756"	-0.995275259736478	5.35195103210156	15.650725999076	7.61833296982253e-05	0.00348053408706334
"1340"	"TNFAIP6"	-2.20350825885579	2.40507361663538	15.6500513485657	7.62105120880958e-05	0.00348053408706334
"23583"	"LOC100139670"	-1.57352227502447	9.89849328357661	15.6416425834846	7.65501300176814e-05	0.00348442967233307
"10959"	"ARID5A"	-0.911541341007779	6.39748972880958	15.5857327341217	7.88472970490723e-05	0.00356057033346082
"10719"	"ARG2"	-1.56992632270009	5.57660532659843	15.5824199224286	7.89855667941251e-05	0.00356057033346082
"21558"	"PPARD"	-0.927878111190579	5.77609893719858	15.5820143948575	7.90025094060353e-05	0.00356057033346082
"17493"	"ZFP36"	-1.14691034651597	7.93758871541827	15.5709686610351	7.94653999279774e-05	0.00356968998168268
"21597"	"PIM1"	-0.968145073826429	7.01016626508293	15.5472179227235	8.0469978174389e-05	0.00360300382669053
"13212"	"LOC618409"	-1.68294642738662	4.01816234613614	15.4971794771946	8.26284558565839e-05	0.00368759763417282
"5137"	"CFAP54"	-1.13927191207768	4.74141478884301	15.4692156043004	8.38599928719479e-05	0.00373040831928103
"6585"	"MAEA"	-1.21805671585359	7.50631255177384	15.4430316971306	8.5029877843337e-05	0.00375922577177248
"14262"	"DIXDC1"	-1.17360902551002	7.69758739657377	15.4363520684559	8.53309404438538e-05	0.00375922577177248
"8374"	"FREM1"	-1.95398563177382	0.798735053929883	15.4065181715677	8.66887540816334e-05	0.00378411696743004
"23646"	"ENTPD1"	-1.100339648654	5.75850007870754	15.4057385666488	8.67245257844706e-05	0.00378411696743004
"25420"	"IRF7"	-1.24481165454161	6.10455275394236	15.3775944598668	8.80258960829715e-05	0.00382870730867553
"11431"	"PLEK"	-1.34783413749789	6.97787613108474	15.3596963209022	8.88637009115782e-05	0.00385291634870105
"6488"	"KLHL8"	-1.17743378372352	7.45173880016683	15.3521779976057	8.92180193927094e-05	0.00385607597381549
"5523"	"C1RL"	-1.532499599964	5.2940816764756	15.311728894786	9.11488193719375e-05	0.00390879682456485
"890"	"MX2"	-1.86557859001322	7.35964334956727	15.3087285925029	9.12937000117328e-05	0.00390879682456485
"7839"	"ARHGAP26"	-1.12936330802235	6.03653115473804	15.277612995633	9.28099632240387e-05	0.0039613374022821
"16675"	"OSM"	-1.20664768386453	3.0770881470135	15.2445148674659	9.44506619308431e-05	0.00401740966445283
"23789"	"ITPRIP"	-1.1490889755938	6.70863109997653	15.2393338539046	9.47101176277838e-05	0.00401740966445283
"3001"	"LOC101902310"	-1.12072096236966	5.65630777471202	15.0692613212029	0.000103637255681259	0.00435562588984334
"2138"	"NOS1AP"	-1.53751850567073	2.64564218342725	15.0058115694238	0.00010718059687607	0.0044907686782845
"23581"	"IFIT2"	-1.84027501308717	8.71571249341904	14.9646632643917	0.000109543446192608	0.00457577669599062
"18156"	"LOC107131472"	-1.89366250711258	2.03208147271898	14.9475538866754	0.000110541281304586	0.00460342278162349
"15192"	"UBE2L6"	-1.38836715015068	6.40716754153915	14.9337588077252	0.00011135248160306	0.00461461153800454
"19090"	"RARA"	-1.02855934952605	8.15016218124062	14.9299125819661	0.000111579719828982	0.00461461153800454
"10437"	"HERC1"	-1.38258909091753	5.05566073901034	14.920517663186	0.00011213674390861	0.00461461153800454
"22880"	"CORO7"	-0.922047641234301	7.54091451608516	14.9201737303696	0.00011215718868371	0.00461461153800454
"202"	"KAT2B"	-1.15838983054204	7.53472854250908	14.9078204696529	0.000112894009889542	0.00461719650596003
"7619"	"R3HDM4"	-1.28048336433419	7.77595402873366	14.8691037243163	0.000115235020086849	0.00469891372086284
"6626"	"TAPT1"	-0.761262959732192	6.40983655206417	14.8474630755899	0.00011656474929879	0.00471107265528826
"5774"	"LOC104972595"	-1.82156856453846	0.2128270998892	14.7904259299401	0.000120143926543451	0.00482724908378832
"22927"	"CLEC16A"	-0.892786882759828	5.4101456013408	14.7603956641833	0.000122072625558696	0.00489040070988213
"25995"	"TSC22D3"	-1.05951915544676	10.035629182249	14.7297422320686	0.00012407349898185	0.00494165991148351
"1888"	"ZDHHC18"	-1.02335730226033	7.76312551790576	14.6947626777444	0.000126397124242107	0.00501961449055393
"14336"	"MPZL3"	-1.04856283679457	5.60455225522317	14.6830061921006	0.000127187881466006	0.00503641954903395
"18302"	"TRIM25"	-0.987939663009446	5.60630165388235	14.6337033596527	0.000130558663539717	0.00514018462401628
"25237"	"AP5B1"	-1.13588036228458	5.21870678053487	14.614597713163	0.000131888947759037	0.00516288706641875
"23314"	"ORAI2"	-1.32686590776814	4.61522581378637	14.6049427824882	0.000132566381334315	0.00517462105601551
"15314"	"MYBPH"	-1.16305762966527	5.89230946491849	14.5423952963946	0.000137040668231789	0.00532006108315155
"4491"	"GLIPR1"	-1.13051494403047	6.84923533179677	14.5420066326122	0.000137068941124918	0.00532006108315155
"16522"	"PLBD2"	-1.08487269000852	7.34739075012272	14.5250816820882	0.000138305839969946	0.00534447269572915
"15657"	"SLC25A33"	-1.09631115992742	4.60978917412324	14.5227373179058	0.000138478053206616	0.00534447269572915
"8744"	"B4GALT1"	-0.873709798452737	6.32876733724593	14.4947981280802	0.000140547116604519	0.0054090900129172
"2571"	"TXNIP"	-1.03952701856198	10.9739688724556	14.4811138088612	0.000141571850293669	0.0054332658847999
"5203"	"C5H12orf75"	-1.09139704053787	6.27736126529439	14.4724542626352	0.000142224193032464	0.00544305494060834
"4213"	"PARP12"	-0.778772702118032	7.44161004164172	14.4484166735871	0.000144050903149967	0.00549760842355906
"19343"	"LOC506088"	-1.01524594381949	5.9838431292141	14.410674341471	0.000146966878891837	0.00557782051993645
"22078"	"HIST1H2AC"	-2.20355769558711	5.0214942865457	14.3799452362407	0.000149384858292302	0.00565392802061555
"21307"	"NRADD"	-1.13331238148129	5.17065330506413	14.2855878389701	0.000157062834850841	0.00591186236343784
"14957"	"PRR5L"	-0.925289947154414	6.23314060496617	14.2755740424971	0.000157900648944784	0.00592711449641775
"16521"	"SDS"	-1.63587807121616	12.6515928919823	14.2508385795245	0.0001599895065058	0.0059891153787868
"7470"	"PDLIM7"	-0.981694627313576	6.90931552987906	14.2311029151009	0.000161676084967705	0.00603576032736384
"18609"	"MNT"	-0.845451892305315	5.79936223371069	14.2211897496925	0.000162529992552119	0.00605115061944724
"17454"	"RASGRP4"	-1.40302246783583	6.86453688559571	14.1480958161277	0.000168968038798823	0.0062568408096829
"8613"	"TDRD7"	-1.0035177240164	6.30462646661073	14.1417144261307	0.000169542153180473	0.00626117800734678
"23147"	"TBC1D10B"	-1.08246305271151	7.22034316777843	14.1244113050421	0.000171108768346267	0.00628526452791247
"4177"	"LOC100298868"	-1.09979667898886	8.04236355764865	14.1243772557766	0.000171111865477801	0.00628526452791247
"8760"	"C8H9orf24"	-1.52216018571386	4.28580730408411	14.1147751553401	0.000171987532401	0.00630053791825161
"14986"	"CD82"	-1.28012261759332	7.32428783389886	14.0420770271723	0.000178765391344256	0.00648066716484356
"13035"	"LOC104973826"	-1.41923203438153	7.2038251368461	14.0396459878054	0.000178996635557527	0.00648066716484356
"6846"	"LOC100295883"	-1.34709017896497	5.27993420800563	14.0384388051678	0.000179111576562285	0.00648066716484356
"24519"	"C28H10orf54"	-1.15725377155116	8.93236297786742	14.0367803665197	0.000179269604808095	0.00648066716484356
"3209"	"SLC6A9"	-0.995778558070176	5.71091460865877	14.0213579606845	0.000180745907286102	0.00649839584723098
"22833"	"LOC505972"	-2.69200939540458	1.90093295434885	14.0184975323419	0.000181021063715457	0.00649839584723098
"13603"	"PARP10"	-1.10236014507374	7.23763053878486	14.0168169568224	0.000181182921950386	0.00649839584723098
"6784"	"LOC100298356"	-1.2346841862136	3.54078413798449	14.0113182999424	0.000181713523629471	0.00650040988837437
"15669"	"RERE"	-0.975308985550095	7.21319070556135	13.9872490718453	0.000184054605107475	0.00656701079317061
"18811"	"NDEL1"	-1.03720104359193	7.10874622341817	13.9457275276516	0.000188164820559443	0.00667887618260346
"21100"	"PXK"	-0.936819669580441	5.92389982639227	13.9347039565666	0.000189271492441528	0.00670079772077874
"19862"	"SNX18"	-1.2111612898064	7.19783945853698	13.9241072032609	0.000190341495938178	0.00672131143260047
"6252"	"TEC"	-1.32529899463698	6.82838366025362	13.9109311452811	0.00019168044689435	0.00674977574350282
"16559"	"PXN"	-0.993783900414279	7.21046866381724	13.9064999234074	0.000192132876429903	0.00674977574350282
"6618"	"FBXL5"	-1.1695509750351	8.31812323377215	13.8936591138652	0.000193450012903659	0.00677866656468807
"8410"	"CD274"	-2.03279253996914	6.55365679051917	13.878418647578	0.000195025102705888	0.00679908125234954
"9944"	"LRP10"	-1.03558750376211	7.91991462385053	13.8532596982525	0.000197653579143506	0.00685929813442783
"12036"	"LOC613699"	-1.354429137603	4.53410298255498	13.8489659626305	0.000198105718377232	0.00685929813442783
"26423"	"GK"	-1.20513319146119	5.80017662490901	13.8357122448722	0.00019950794503387	0.00688528552873818
"9612"	"SOD2"	-1.38747828193934	8.57338025980963	13.8276073240961	0.000200370357996563	0.00689767405756508
"8120"	"ST8SIA4"	-0.97904818155803	6.4341876872505	13.8189708580375	0.000201293464361767	0.00691208459955031
"6545"	"SH3BP2"	-1.33743978285975	6.80193076210544	13.8115866814988	0.000202086117035725	0.00692195472376615
"17104"	"NLRC5"	-0.882329088285284	8.91832489644219	13.738840983031	0.000210065077742871	0.00714183364238812
"13211"	"FOXS1"	-1.39730180909089	3.83515410950347	13.7388035698619	0.0002100692619431	0.00714183364238812
"7327"	"GADD45B"	-1.0748831170194	5.72602661691353	13.7307788300235	0.000210968673204113	0.00715465789992463
"5787"	"BIK"	-1.69553468087361	1.38842551729547	13.7026430798043	0.000214152883877495	0.00724471274569274
"19455"	"LOC512869"	-1.33955997784081	4.11584087659869	13.693630053773	0.000215183122461252	0.00725180967574692
"6404"	"PARM1"	-1.44958032374529	3.61482439769548	13.6907072342326	0.000215518287992807	0.00725180967574692
"15928"	"STX6"	-1.1443955339295	6.32060579519323	13.6833778584331	0.000216361077274492	0.00725180967574692
"9843"	"TLE3"	-0.945737172927113	7.40687640546454	13.6626371877964	0.000218764041123409	0.00728159368600992
"19182"	"STAT5B"	-0.894534214809275	7.73321986498041	13.6170998540626	0.000224134651712721	0.00743551782836801
"9581"	"TIAM2"	-1.98160620264989	5.90111363765778	13.5963567922386	0.000226624912449241	0.00744926879224567
"220"	"NFKBIZ"	-0.738125904115706	5.54412541072158	13.5940656741566	0.000226901671592175	0.00744926879224567
"23859"	"CASP7"	-1.35282604898704	6.08962696005266	13.5879642586849	0.00022764036379293	0.00744926879224567
"2878"	"LOC507055"	-1.49960955325336	8.18205892135165	13.5849065160626	0.000228011472649856	0.00744926879224567
"8076"	"ARRDC3"	-0.973331907859648	6.46053819021147	13.579195485939	0.000228706236332682	0.00744926879224567
"20473"	"NFKBIA"	-0.931506239018358	7.24798571452981	13.5776158643798	0.00022889877830344	0.00744926879224567
"15637"	"CASZ1"	-1.02509058626864	3.04587140056403	13.5645008803628	0.000230503700543715	0.0074837232254726
"19208"	"AOC2"	-0.866829518934072	3.75545542654395	13.5444157599648	0.000232983589983661	0.00752855699614656
"20651"	"WARS"	-1.22586786010171	8.57997584058707	13.537227678439	0.000233877613094162	0.00753966394588966
"17083"	"SLC6A2"	-2.42798629597419	2.15021596278212	13.4766757681695	0.000241547363940165	0.0077504459797288
"11820"	"ZER1"	-0.681410786964015	5.44085362337314	13.4653350204004	0.000243011767499416	0.00777921548249883
"532"	"MCF2L2"	-1.22140941105221	4.35557003766123	13.4473616664324	0.000245350972961839	0.00781852175709624
"15474"	"HLX"	-1.53164760200472	4.51592888421311	13.4402600535077	0.000246281480071937	0.00781852175709624
"9648"	"RPS6KA2"	-0.692277850279019	5.61025188999575	13.4383656817945	0.0002465302953496	0.00781852175709624
"23112"	"BOLA2B"	-1.02693666153292	5.84973165570837	13.4344579253571	0.000247044358210895	0.00781852175709624
"8757"	"UBAP1"	-1.0698929414878	6.43784130656725	13.4340892940681	0.000247092907147119	0.00781852175709624
"25366"	"CARS"	-1.01502612566463	6.08026890404784	13.4059479894808	0.000250827660172041	0.00788208663306681
"11009"	"RNF149"	-0.914294237096639	9.35392796846913	13.3982104241962	0.000251864481912373	0.00789054378066979
"2191"	"SLAMF6"	-1.27435744241113	8.32247384461564	13.3768311787291	0.000254751779621215	0.00795069278494366
"1038"	"EAF1"	-0.88012675115941	6.35086322679439	13.3666012715993	0.000256145120722541	0.00797276600873482
"7309"	"NCLN"	-1.16229392695136	6.8551721032418	13.3631066157164	0.000256622860364357	0.00797276600873482
"13091"	"LOC100847256"	-2.46542221791568	4.54595798963081	13.3248330757349	0.000261914224738692	0.00811874840078014
"16413"	"HIP1R"	-0.984013608910276	7.3877959055071	13.3039801919357	0.000264843302565625	0.00818179107553118
"17924"	"LOC107131224"	-1.22535455944461	8.01509855532202	13.3018643374122	0.000265142342714827	0.00818179107553118
"21637"	"TREM1"	-1.16244409515605	6.15334967315967	13.2910418533756	0.000266677248175689	0.0082106628702362
"3964"	"STEAP4"	-1.40350805603095	8.51581100009561	13.283337823419	0.000267775331152188	0.00821374508194658
"20174"	"LOC522540"	-0.768680392262801	6.65293233378981	13.2819309051283	0.000267976355859435	0.00821374508194658
"889"	"LOC101907799"	-2.22982210702663	4.70791474630184	13.2676850432365	0.000270020435525728	0.00825792407843305
"716"	"P2RY14"	-1.74101184483078	1.84111104714566	13.2569192373915	0.000271575596839393	0.0082657077729397
"9875"	"KHNYN"	-0.964056413643428	6.89234982666517	13.2333567470491	0.000275010866030834	0.00833611476877978
"5281"	"CYTH4"	-0.906692839677842	7.93934788987255	13.2060182447737	0.000279051592703607	0.00843992466143955
"17590"	"LOC100336941"	-1.21430540570326	8.32673566164345	13.1824740629092	0.000282579443107315	0.00851747409141278
"23342"	"TRIM56"	-0.818130112731745	7.35714565438362	13.1751586054668	0.00028368471729636	0.00852360594666104
"23451"	"DAGLB"	-1.12761209943688	9.82586905957113	13.1560587466624	0.000286591055037118	0.00859208762595964
"5661"	"GGA1"	-0.969114958443784	5.83113497479077	13.1456684638284	0.000288184683661555	0.0086210007660414
"26371"	"NYX"	-2.06966760408252	4.05576310244941	13.1331869899684	0.000290110868933584	0.00865496806825578
"9500"	"LOC107132783"	-1.29953291987685	3.86609369753857	13.1219649222593	0.000291853776871341	0.00865496806825578
"5321"	"STK38L"	-0.977493114637556	7.33942257005229	13.118514384482	0.000292391801541671	0.00865496806825578
"8866"	"NFIL3"	-1.21410414715103	6.15307272003128	13.016794508647	0.000308709794866825	0.00902368293710577
"15939"	"RNASEL"	-0.969008625157371	5.52995360197088	13.0156993117204	0.000308890394679411	0.00902368293710577
"8123"	"SLCO4C1"	-1.54484744769443	4.03391702559969	12.9734677692313	0.000315936308347849	0.00920987949079547
"23160"	"FBRS"	-0.825500209970754	6.42714917248209	12.9422443633614	0.000321249631631384	0.0093399089381773
"23930"	"DMBT1"	-2.45684092118505	3.28763928100223	12.935376790751	0.000322430331134384	0.0093399089381773
"22310"	"PQLC1"	-1.32129502179014	5.64778879045961	12.9353094324715	0.000322441933271868	0.0093399089381773
"7100"	"DNM2"	-0.996183441209533	7.79867781108555	12.9247564612395	0.000324264840702576	0.00936805845238188
"15962"	"FAM129A"	-0.858324907041115	6.12380646069794	12.9061178936388	0.000327509867875476	0.00942691743647459
"16217"	"RNF150"	-1.08196030093482	7.14875128387237	12.8873390575837	0.000330812436295667	0.00946438357542286
"23473"	"TNRC18"	-0.908085254923489	7.68258434196262	12.8711239031347	0.000333691146817721	0.00952479667197831
"7244"	"KDM4B"	-0.784954254932539	6.6759866727583	12.8650619007455	0.000334773822544919	0.00953583397648219
"7621"	"ARID3A"	-1.1430450889047	6.24661406213918	12.8434602545515	0.000338660768539138	0.00954766565145761
"6946"	"ADGRE5"	-1.01095851811703	9.64763057770034	12.8350125345058	0.000340193180740805	0.00957081472141637
"303"	"CD80"	-0.985302620238465	6.39157771056152	12.8219317799063	0.000342579832035219	0.00959854044726899
"6637"	"KIAA0232"	-0.86840855314691	6.73745489150346	12.7739709991836	0.000351475907748799	0.00980768108363808
"22092"	"HIST1H3G"	-2.08234418910859	1.78336956381545	12.743296381591	0.000357287431765953	0.00992422722267418
"26639"	"TBL1X"	-0.896323570392491	6.85193806345663	12.7404814143293	0.000357825578279034	0.00992422722267418
"12046"	"LOC511919"	-1.48823294743984	2.81631099374876	12.6727371016272	0.000371025985891661	0.0102413016452592
"20727"	"ZNF839"	-1.01910060913787	6.3608850377756	12.6703479234044	0.00037150039542324	0.0102413016452592
"15246"	"LOC100138922"	-1.21639759950653	4.37601052045206	12.6527412225717	0.000375015408026728	0.0102967657422329
"11129"	"HEATR5B"	-0.982748623784603	6.65542936542359	12.6250511870633	0.000380611458822521	0.0104086977990566
"22929"	"SOCS1"	-1.36315848341062	3.08257171478899	12.6212002383118	0.000381396364570515	0.0104093856394036
"22519"	"RAB31"	-1.02428845979212	7.23891962403266	12.617368016058	0.000382179074317691	0.0104100109288801
"8844"	"FGD3"	-0.801379733496399	8.04106792354798	12.6036581075515	0.000384992536792644	0.0104451143496951
"14586"	"FAM160A2"	-0.770434117547782	6.1222107646692	12.5960833410175	0.000386555934297523	0.0104668040628663
"3780"	"PIK3CG"	-1.08391034333362	6.70802603533867	12.5877705406814	0.000388279030369082	0.0104730512535712
"11656"	"CMPK2"	-1.22350344133687	5.14437356911007	12.5875952220657	0.000388315454113873	0.0104730512535712
"12165"	"DHRS12"	-1.04717840247929	4.02678505709929	12.5716139257015	0.000391650205884402	0.0105422386460161
"5987"	"ALPK1"	-1.61230535102448	6.6786408811293	12.5471102102699	0.00039681949229027	0.0106395770330117
"9036"	"TLR4"	-1.07837413043161	6.36354409302831	12.5350733928213	0.000399383925282819	0.0106874202349608
"17575"	"GSK3A"	-0.790097373070342	6.68461617830786	12.5305456766499	0.000400352872540559	0.0106924653151622
"22675"	"SERPINB4"	-3.66495714165293	2.04907776188791	12.5198107020324	0.000402659682721595	0.010733152359861
"18154"	"OSCAR"	-1.60221671489994	5.91140605412028	12.5092706977071	0.000404937642256693	0.0107365503518506
"26148"	"NLGN3"	-1.28328163395644	2.13343789528121	12.4649062575967	0.00041466933003986	0.0109467909265436
"4212"	"TBXAS1"	-1.09918557155945	6.70007550192393	12.4445129420383	0.000419221594622765	0.0110244818962121
"12336"	"LOC107131195"	-1.54515070480113	4.19062866879011	12.4343683625236	0.0004215048475493	0.0110632910273428
"21034"	"PROK2"	-1.56155854338492	0.164292670202116	12.4172475027298	0.00042538675318916	0.0111306330267356
"14837"	"UCP2"	-1.43536028311258	9.77916716441835	12.4158933208903	0.000425695329246729	0.0111306330267356
"1283"	"IFIH1"	-1.1177474400657	7.23991254050058	12.3803852464988	0.000433867622234058	0.0113011792627924
"16536"	"OAS1Z"	-1.43292869564023	6.29185035512687	12.3552393288163	0.000439750613140996	0.0114160281133392
"7325"	"GNG7"	-1.11359778526687	7.20867308308264	12.3544215669464	0.000439943277413554	0.0114160281133392
"2933"	"IFI44"	-1.32772123600828	6.03695623317859	12.3395962549939	0.000443450919573724	0.0114852949888083
"25012"	"MS4A8"	-1.13067814688348	6.92860366825282	12.3307583697724	0.000445555358963613	0.0115180263644537
"18556"	"LOC107131168"	-1.15740565962452	6.83591757230514	12.3239206972393	0.000447190428272837	0.0115385236492771
"23044"	"IGSF6"	-1.72752450998766	8.16278604531355	12.3143610096438	0.000449486558928785	0.0115542501761412
"344"	"PARP9"	-0.881346754958555	7.15893802914923	12.3097555266091	0.000450596987305756	0.0115611036012662
"108"	"USP25"	-0.958853438657339	7.285754648365	12.3033508541051	0.00045214582148952	0.0115780297350585
"21540"	"NUDT3"	-1.08982507663551	8.77941494705334	12.3000474124848	0.000452946787679099	0.0115780297350585
"20095"	"CHSY1"	-0.814987827123473	5.65206544891123	12.2960117763253	0.000453927228071596	0.0115814840815809
"7626"	"ABCA7"	-0.885155808155095	5.84927716331723	12.2903621506739	0.000455303378892913	0.011595002963219
"18113"	"LOC100336589"	-1.59445716294085	6.04307544514044	12.2679798154366	0.000460796833231768	0.0116914396520527
"12114"	"LRRC63"	-1.77535880633628	4.09637100385929	12.2315450441817	0.000469882718993743	0.0118999318538508
"19454"	"LOC509283"	-1.20353877747731	8.38494901081924	12.2177994713531	0.00047335729211887	0.0119658085965325
"5287"	"USP18"	-0.770903251976705	5.11780719301708	12.1944395882367	0.000479321732009815	0.0120720350188722
"8245"	"DDX58"	-1.08686188516423	6.50778390865465	12.1858448724519	0.000481535243816302	0.01210553096427
"13089"	"SLCO4A1"	-1.34287159501714	3.00328140557047	12.1648869579229	0.000486976164027145	0.0122198908852306
"10714"	"TMEM229B"	-0.754031982415216	6.59466544967336	12.1228820090641	0.000498068682517695	0.0124492969389629
"21379"	"LOC104968417"	-0.933032714088339	6.92000909804915	12.1187543016083	0.000499172382101181	0.0124492969389629
"19660"	"HELZ"	-0.770451870818155	6.7074901793053	12.1165872454007	0.000499752814862389	0.0124492969389629
"5703"	"APOBEC3A"	-2.01731068198447	5.99840573872244	12.1114910071434	0.000501120497298825	0.0124607113130512
"13606"	"EPPK1"	-0.902876853039405	5.95050349350103	12.1034944358875	0.00050327416389785	0.0124915929702254
"5411"	"ETV6"	-0.78928708813158	5.4146009510241	12.0961131640983	0.000505270406775919	0.012518462645998
"7355"	"IRF1"	-1.1409024690334	9.75881069671212	12.0734857291136	0.000511439872527253	0.0126188527143836
"15804"	"ISG15"	-1.86830541171459	6.62897618357144	12.0711340895306	0.00051208540319665	0.0126188527143836
"25175"	"CCDC88B"	-0.87083114532821	7.10001658811485	12.0558759483283	0.000516293825943315	0.0126849190962517
"12115"	"KIAA0226L"	-0.680227106148128	6.90207716300282	12.0538165937791	0.000516864494266082	0.0126849190962517
"13990"	"LOC107133128"	-1.71181184257384	-0.0461163211904959	12.0513676217386	0.00051754395845593	0.0126849190962517
"6208"	"RBM47"	-1.02331388880823	6.74198142838413	12.0228668405164	0.000525518085503735	0.0128573630169405
"461"	"LOC100847171"	-1.55559350305991	4.51318635221056	12.0025472439136	0.000531278858096883	0.0129078613964182
"13775"	"LOC101905910"	-0.875593003923128	4.96321772162843	12.0022957881667	0.000531350545768911	0.0129078613964182
"22559"	"EPG5"	-0.794137803541691	6.54305357511643	11.9877788894162	0.000535505774933488	0.0129857780926791
"17923"	"LOC789748"	-1.33643274889128	6.02775027914438	11.9714790195045	0.000540210460178609	0.0130536569927815
"1961"	"LOC104971364"	-1.92417896538858	2.85687533462711	11.9497388468957	0.000546550408515166	0.013183604132159
"23142"	"C25H16orf54"	-0.833244654951887	8.37897339940834	11.9346055663577	0.000551007925121888	0.0132444904949035
"22151"	"RNF144B"	-0.922745462686037	6.83916886823995	11.8939911059075	0.000563153228840757	0.0134890950845231
"23576"	"FAS"	-1.21996004941401	7.17465644439422	11.8871197097347	0.000565234616320791	0.0135153219515029
"21401"	"SLC6A6"	-1.04258737304144	6.77088349858159	11.8687945835144	0.000570823464963219	0.0136251782116047
"20410"	"STOML1"	-1.25606880693241	5.55404752110773	11.8390326082054	0.00058001950971782	0.0137966099004234
"22167"	"LOC100848122"	-1.03578706920094	3.46450335709363	11.8246468234837	0.000584518004786953	0.0138387736736869
"22936"	"LITAF"	-1.0444648582245	7.86455468434766	11.8236778422215	0.00058482227261256	0.0138387736736869
"16215"	"IL15"	-1.17605938533708	5.48384471022886	11.7792688573114	0.00059894004078288	0.0140997895167805
"2934"	"IFI44L"	-1.0452954689065	6.61449307599807	11.7674061041445	0.0006027691589682	0.0141522759070196
"19641"	"SLC16A6"	-1.08297541289636	6.67573038286436	11.7659666655514	0.000603235466732317	0.0141522759070196
"25840"	"LOC101903165"	-1.08278756730603	3.84344943163748	11.75739618171	0.000606019435932255	0.0141690653442113
"25446"	"IFITM3"	-1.49966780116087	9.59096380194872	11.7472365432659	0.000609336425192473	0.0142223481457616
"25220"	"LOC104976804"	-1.02183519396094	10.6035747314776	11.7303181854631	0.000614900785772332	0.0143278157582767
"10408"	"NIN"	-0.923812640112528	8.87806711247929	11.7268982324914	0.000616031810527666	0.0143297993820705
"13721"	"FAM84B"	-0.929335392741279	5.84633832645641	11.7206314534128	0.00061810977407167	0.014353766126366
"18028"	"LOC101904080"	-1.12944553036705	4.6295733366653	11.6991887242171	0.000625273536248205	0.0144710687840146
"4853"	"LRRK2"	-1.26145213278404	8.45560217306977	11.6618036957291	0.000637964574549389	0.0146903405645398
"12100"	"LOC101902306"	-1.61969146427112	0.961949000494536	11.6557789404247	0.000640033994075361	0.0147132646859505
"21329"	"LOC529196"	-1.45370102336905	4.93942072288434	11.6497117945504	0.000642124825733251	0.0147366034126822
"19482"	"PGS1"	-0.91996590173051	7.68507839896491	11.6307407982031	0.000648707136978965	0.0148627700397137
"19984"	"BASP1"	-0.988460491963976	7.49135061640729	11.604591122278	0.000657892081119634	0.0150229656723669
"26554"	"ZRSR2"	-0.73575717024418	5.95908334619176	11.5997816425282	0.000659595633965826	0.0150332278750942
"12049"	"LOC786073"	-1.42688269793249	9.31078022849387	11.5971322814509	0.000660535959477899	0.0150332278750942
"24393"	"LYST"	-1.0361065261859	8.23061736610516	11.5782736921858	0.000667268589977207	0.0151612718926662
"24272"	"GOLGA7"	-0.89855261085256	6.57900333794652	11.5654206690769	0.000671896876262424	0.0152159654573082
"1777"	"LOC107131740"	-1.59772824905932	3.43869511201512	11.5561550249588	0.000675253473599089	0.0152667456135002
"14333"	"SCN4B"	-1.39772186109957	1.39661670658086	11.5391296683886	0.000681465345807237	0.0153284606480092
"28"	"IFNAR2"	-0.943430904188457	7.51082330557412	11.5369194691253	0.000682275981255778	0.0153284606480092
"17915"	"LOC618268"	-1.0448908514606	5.37925277015598	11.5281957445875	0.000685485105559236	0.0153712462050198
"9771"	"PAPD4"	-0.792483449915442	6.86921127460267	11.5178014944867	0.000689328665870383	0.0153842446331771
"21496"	"TAP2"	-0.794154386216043	7.44966175053502	11.5102780272892	0.000692124250057207	0.015419177804933
"1995"	"ECE1"	-0.913129527206413	7.73064507600473	11.4801590374111	0.00070343110381324	0.0156202748028285
"16755"	"GGT1"	-1.11764416670977	2.45238868201821	11.4675775955205	0.000708209339423146	0.0157009322968229
"17108"	"LOC101908034"	-1.57797176246988	0.687261669205033	11.455602004838	0.000712787939946915	0.0157769104446085
"24752"	"PICALM"	-0.903987892524456	8.63812814533098	11.4100238159506	0.000730488950420935	0.0161166330269199
"1445"	"RALB"	-1.05327053233818	6.85167375370297	11.403187035293	0.000733182164398847	0.0161301390122343
"6814"	"CHERP"	-0.594241658735778	5.76555532010855	11.3294081501789	0.000762892120506403	0.0165970177965072
"8413"	"JAK2"	-0.863562802164355	6.73777978785725	11.3288046568841	0.000763140091276713	0.0165970177965072
"23295"	"POR"	-0.83439519299262	5.86437085530685	11.327766725408	0.000763566759869067	0.0165970177965072
"14940"	"ABTB2"	-0.804146512083306	4.04922378967394	11.3265862238024	0.000764052328590034	0.0165970177965072
"22773"	"MSRB1"	-1.39795416163547	7.23069557080587	11.3117898661728	0.00077016495682176	0.0166962501161629
"6638"	"TBC1D14"	-0.839712013984583	7.57695664204191	11.2996840865489	0.000775202799429956	0.0167524504021922
"1303"	"BAZ2B"	-0.795884389784387	6.13792544208215	11.2953439966767	0.000777017034017132	0.016765213201683
"13033"	"LOC107133069"	-1.77027570176304	0.715718446871324	11.2659003046716	0.000789438834206945	0.0169849408142563
"7393"	"GRAMD3"	-0.705063724208809	6.60178840709326	11.2653330299863	0.000789680118143295	0.0169849408142563
"13218"	"HCK"	-1.04997226555048	8.23913364895879	11.2453100959941	0.000798244558384088	0.0171422393329473
"15036"	"SPI1"	-1.09186109974956	8.27297295568686	11.2401985720407	0.000800445918853061	0.0171626127295865
"20272"	"TM6SF1"	-0.701557951338433	6.7149443269127	11.2170423561357	0.000810495626240772	0.0173238698519888
"16379"	"SCARB1"	-0.888379200735804	6.43173931011656	11.1944596175376	0.000820419267452286	0.0174814021170237
"17024"	"LOC532875"	-0.637369179749527	4.93180625410458	11.1852648269817	0.000824494874354854	0.0174814021170237
"20877"	"OXSR1"	-0.706108562643323	6.99237368359722	11.1850736656928	0.000824579823711616	0.0174814021170237
"10339"	"CHP1"	-1.08290955619235	6.53301491254977	11.1813331775218	0.00082624382457477	0.0174814021170237
"19542"	"UNC13D"	-0.899889079736991	6.83940005464847	11.1782680416709	0.000827609916609029	0.0174814021170237
"22873"	"CREBBP"	-0.755974058776913	7.45595503678136	11.1772298754057	0.000828073131446491	0.0174814021170237
"9473"	"TNFAIP3"	-0.845922656868285	5.63710719784239	11.1606898884373	0.000835488479319271	0.017556790882137
"14269"	"IL18"	-1.26912116495356	6.17030362982387	11.1542294129644	0.000838403089874815	0.0175910577861789
"714"	"P2RY13"	-1.40345794509238	5.83612270781389	11.1399716988739	0.000844871804385545	0.0176996767460036
"8408"	"PDCD1LG2"	-1.23606231054788	4.33056070274338	11.111730838639	0.000857833976986314	0.0179437913262435
"17573"	"CIC"	-0.65852312452665	6.39363477973579	11.0886723193189	0.000868566474572556	0.0181129821432551
"6825"	"HSH2D"	-0.928588432128115	5.84055139087401	11.068771576767	0.000877938269363528	0.0182543027622628
"3338"	"LOC107132345"	-2.0727728510816	0.767197980207491	11.0685142641481	0.000878060111832681	0.0182543027622628
"9441"	"VNN3"	-1.20781736390175	1.90696524981698	11.0658131331919	0.000879340181234468	0.0182543027622628
"219"	"NXPE3"	-0.769473493631165	6.71733865366653	11.0576500012576	0.000883220176514318	0.0182856605440083
"13815"	"TOX"	-0.650361936245658	5.83211887427641	11.0548061962618	0.000884575918359398	0.0182856605440083
"10694"	"PLEKHG3"	-0.879363308002011	6.0269879055866	11.0542221693064	0.000884854604822823	0.0182856605440083
"9560"	"CCDC170"	-1.61704773096524	3.71664856601244	11.0446240540362	0.000889447377864975	0.0183438234976348
"1858"	"EYA3"	-0.744171663978725	6.42845466975716	11.0427501120058	0.000890346881682151	0.0183438234976348
"19969"	"PDZD2"	-1.89922124653435	2.37576523953959	11.0394939192676	0.000891912062222416	0.01834847922599
"18015"	"NLRP12"	-1.17545730836239	4.08374572386972	11.009341478758	0.000906538473445651	0.0186181789884197
"1130"	"NCKAP1"	-0.923644621393139	3.28193804434313	11.0068867475669	0.000907739841198773	0.0186181789884197
"15272"	"STX3"	-1.09138639983187	4.25315214693129	10.9151015267468	0.000953834884978885	0.0193607285319936
"13601"	"LOC101908059"	-1.04122974637783	4.82626257589829	10.8910515407947	0.000966299547886234	0.0195557904070743
"26023"	"TMEM164"	-0.910248643379502	7.37229632699284	10.8838467821939	0.000970065607301584	0.0196030514537449
"10735"	"SUSD6"	-0.777793049001656	7.59534112819456	10.8765737030932	0.000973882433523248	0.0196511976755553
"9499"	"PHACTR2"	-1.22701801861916	6.04226658044159	10.8722151874726	0.000976177004440133	0.0196685310850504
"19751"	"NAIP"	-1.22711755165181	9.48603322894964	10.8687017699438	0.000978030646604885	0.019676942568478
"6997"	"JUNB"	-0.865384939000499	7.51274122597483	10.8646096621948	0.000980194087112448	0.019691553060891
"18664"	"XAF1"	-1.0832011235823	7.10726762696905	10.8435431785385	0.000991408469486932	0.0198296167013729
"15930"	"MR1"	-1.0954369911475	5.55347833425724	10.8332658832962	0.000996926411833654	0.0199109165722054
"18026"	"LOC784517"	-1.08799322024973	6.8901802373684	10.818370656532	0.00100497892540357	0.0200133957223173
"22161"	"FAM8A1"	-0.903073531016401	4.97042522065814	10.7845038436464	0.0010235333549402	0.0203533098636222
"16298"	"FNIP2"	-0.674119981434511	6.06377934625133	10.7773913835604	0.00102747383095404	0.0203902123914733
"1736"	"SP140L"	-0.842623894811389	5.48497073221512	10.7640742368	0.00103489316089403	0.0204899872794929
"18019"	"LOC789229"	-0.733551816420058	7.46131595441039	10.7589991566645	0.00103773485916859	0.0205166021723937
"24013"	"INPP5A"	-0.714847952129781	5.40004221117778	10.7147489334158	0.00106284879418166	0.0209828405318197
"17787"	"GYS1"	-0.871412773590859	6.56364166039233	10.6861968926787	0.00107937876315367	0.0212785157323287
"12112"	"CPB2"	-1.34220603876023	3.01437465706291	10.6761340541265	0.00108526633462683	0.0213638420268996
"7929"	"SLC36A1"	-0.692834464868432	6.20645741107519	10.6197861375672	0.00111883986461754	0.0219302217240699
"2665"	"BCL2L15"	-1.6330691185459	7.11326643004901	10.6102140781398	0.00112464667932467	0.0219811471518221
"8098"	"ELL2"	-1.02383347510495	6.75830547761345	10.5967238236989	0.00113288224046404	0.0221105691974329
"12968"	"GPCPD1"	-0.880141405350167	8.58352874415952	10.5938486324009	0.00113464536641742	0.0221134796092249
"2525"	"MCL1"	-0.915196853644121	10.0321056799	10.5846411209291	0.00114031030226663	0.0221608389380923
"6554"	"ZFYVE28"	-1.21945146901748	4.79698284879476	10.5695847664874	0.00114963547057022	0.0222723188763672
"6373"	"DCK"	-0.941522738065195	5.64403006069273	10.5675149704636	0.00115092341905466	0.0222723188763672
"21497"	"LOC618733"	-0.875668287709539	8.21740928925077	10.55762906523	0.00115709517627752	0.0223601706772614
"6854"	"BRD4"	-0.657358929997418	7.3266195328883	10.5523598156684	0.00116039843097474	0.0223924209898379
"11013"	"MAP4K4"	-0.87793844673484	7.89582531900348	10.5371224369016	0.00117000442260128	0.0225460345908019
"13812"	"SDCBP"	-1.11613944630177	9.17466664178179	10.5338961362575	0.00117204865570689	0.0225537059435957
"9856"	"PKM"	-0.974053601309714	9.41732618186589	10.4909143364421	0.00119962990906538	0.0230520748725172
"26353"	"MIR222"	-1.34958856569188	0.439312370378032	10.4825695112762	0.00120506041541933	0.0231239954505046
"24484"	"SRGN"	-1.15013247485994	11.5162423978536	10.465100092315	0.00121650955945401	0.0232917788473002
"10926"	"LOC107131413"	-1.1255300901807	4.26735393100556	10.4156667401236	0.001249507354989	0.0238765694152083
"1867"	"FGR"	-1.00149471860499	8.46960365850937	10.4057062632516	0.00125626505969107	0.0239722668284504
"8754"	"UBE2R2"	-0.677976195314772	6.466528812812	10.4016500407118	0.00125902759902267	0.0239915676414598
"14373"	"CBL"	-0.793763020351759	7.66912425239121	10.3971424671298	0.00126210474950712	0.0240168016291625
"23645"	"LOC101903992"	-1.14099109998178	4.38061074742363	10.3815093866557	0.00127283596294149	0.0241423774483456
"11067"	"TET3"	-0.646644150408004	5.74952631886179	10.3809558878447	0.00127321759625075	0.0241423774483456
"6485"	"AFF1"	-0.704018977549918	6.49734810795016	10.3798359503872	0.00127399013905217	0.0241423774483456
"6763"	"MAST3"	-0.712343299570603	7.30522340274617	10.3703677508764	0.00128054037638075	0.0242329885314815
"19283"	"FMNL1"	-0.785061331845717	9.13557055763997	10.3589519497982	0.00128848333612109	0.0243161297358059
"12045"	"LOC107131188"	-1.17739223050128	3.37095808556962	10.3551503564396	0.0012911394865237	0.0243327401717485
"4419"	"CHPF2"	-0.796302719581188	5.2130542612774	10.3520109833037	0.00129333712523035	0.0243406757593147
"6448"	"ANTXR2"	-0.734835570536517	7.77038647422619	10.3437211771613	0.00129915841008605	0.024403300380212
"19064"	"STARD3"	-0.831955532305711	6.31807749993744	10.3422036236446	0.00130022693800122	0.024403300380212
"16771"	"PPM1F"	-0.822994079661627	6.37834035951571	10.3369832355885	0.00130390947472943	0.0244389380482461
"2871"	"GBP2"	-1.48275274213599	7.88537495250425	10.3147320904047	0.00131972452587839	0.0246875258126694
"3219"	"KDM4A"	-0.774412643334625	7.72565235473994	10.3132618377769	0.001320776324406	0.0246875258126694
"20971"	"IL17RE"	-1.46571052614017	0.624042738576855	10.3029067066533	0.00132820831620768	0.0247588872657979
"3189"	"ZSWIM5"	-1.2419425180853	0.994721183664601	10.2918603790262	0.00133618306094684	0.0248399513134771
"17460"	"ACTN4"	-0.671164722336746	8.06164291814298	10.2651942092684	0.00135563466182361	0.0251333565651491
"16951"	"KIAA0182"	-0.606045912221295	6.52607737099626	10.2520907053043	0.00136529778706201	0.025210578016317
"4648"	"RARG"	-0.766008297812591	6.73053846763174	10.2499721802273	0.00136686662008456	0.025210578016317
"7344"	"MOB3A"	-0.798988196438392	7.38300710301966	10.2256953898718	0.00138497515022229	0.0254023353858041
"8756"	"DCAF12"	-0.813951368171919	7.35263303431303	10.2227097483691	0.00138721890645747	0.0254094735793768
"19695"	"DUSP1"	-1.07674411154235	6.83538470502994	10.2161394746716	0.0013921695389241	0.025448954806496
"5569"	"TNFRSF1A"	-0.92691628804742	7.5598985215536	10.2149214500281	0.00139308927121174	0.025448954806496
"16059"	"LOC107133266"	-1.4440435513147	2.76702486713552	10.2014099939733	0.00140333314815303	0.0255679088601658
"2640"	"MAB21L3"	-1.65303929579739	0.75389790750693	10.1873531083246	0.00141407150924689	0.0257122660919835
"2604"	"NOTCH2"	-0.911267450764848	8.6588793842602	10.1718243734971	0.00142603100175451	0.0258439824802097
"13863"	"NCOA2"	-0.726955460619282	7.17619455389055	10.1493256252572	0.00144354040152472	0.0260922784185886
"23522"	"C25H7orf50"	-0.600749785148615	6.31439229956723	10.1363669360987	0.00145372399520607	0.0262072006030504
"17916"	"LOC104974925"	-1.13874430300005	2.47271790612891	10.1167688485853	0.00146926354643468	0.0264090219400797
"16032"	"SLC30A1"	-0.696470913741911	5.58651491859807	10.1149657317413	0.00147070168164958	0.0264090219400797
"21272"	"SLC26A6"	-1.03925022410423	4.91165737478139	10.1068898337038	0.00147716039007916	0.0264556529470256
"7766"	"CYSTM1"	-1.05486741014985	6.31570270055455	10.0948319044032	0.00148685723260346	0.026559883890352
"346"	"PARP14"	-0.931753694702685	8.12945312815943	10.0912307754818	0.00148976569925234	0.0265771872987713
"18379"	"USP32"	-0.805638256720416	7.6522721677376	10.0825140824658	0.0014968296466609	0.0266684824303004
"21860"	"LST1"	-1.36506867028198	7.59171698034068	10.0765411289289	0.00150168966268778	0.0266913017092564
"11131"	"EIF2AK2"	-0.890312364989543	7.28678949029796	10.0761521869199	0.00150200668694524	0.0266913017092564
"5564"	"TAPBPL"	-0.97710098380113	6.5568460599572	10.0638364315738	0.00151208031399941	0.0268007922148848
"13846"	"VCPIP1"	-0.800897100935615	7.26481222407971	10.0597117929282	0.00151546931968787	0.026826156523312
"71"	"BACH1"	-0.792350908816215	7.17644039341305	10.0505553459258	0.00152302022603567	0.0268798533299298
"13525"	"ZNF217"	-0.710356728937314	7.29126432455626	10.0403213866464	0.00153150481212377	0.0269360044042462
"7879"	"FBXO38"	-0.711008008319403	7.20740847563634	10.0334565828886	0.00153722297002078	0.0270019127080189
"19328"	"MAP3K3"	-0.716796585007075	7.59532655681586	10.0158858731837	0.00155195750108339	0.0271910098751196
"10713"	"LOC104973218"	-1.02871989959411	3.63876180667759	10.0112265782825	0.00155588865555001	0.0272031701005596
"16149"	"LOC104974562"	-1.39519383502493	0.435964448592575	10.0101911034292	0.00155676367842856	0.0272031701005596
"18529"	"PHF12"	-0.619030179653928	6.72353272645229	10.0080104923035	0.00155860802342451	0.0272031701005596
"21107"	"SLMAP"	-0.771812059411323	6.08936226936664	9.9913526666851	0.00157277031626905	0.0274154276122166
"25362"	"NADSYN1"	-0.671370117824119	6.21580946556701	9.97754722960699	0.00158460627539793	0.0275866462251931
"8922"	"ABCA1"	-0.844716733606855	5.32018554154769	9.96324495241022	0.00159696336476457	0.027731299189657
"11921"	"NOTCH1"	-0.806099403444954	7.51639955625897	9.95819508923356	0.00160134969759324	0.0277722686161076
"4649"	"ITGB7"	-0.763555797964545	9.56150771535539	9.93827218814729	0.0016187741998295	0.0280389700529253
"19517"	"RHBDF2"	-0.955933697655277	6.02393287892868	9.90220210960803	0.00165081115636343	0.0284836632997043
"22322"	"MBP"	-0.731512424057545	8.75280101478049	9.89500635283529	0.00165727878762197	0.0284836632997043
"23598"	"PCGF5"	-0.785903452089638	5.75525820105882	9.89323032693348	0.00165887904680961	0.0284836632997043
"18414"	"LOC504773"	-0.870792405428573	4.25709919811313	9.89283707568498	0.00165923359107043	0.0284836632997043
"5455"	"GABARAPL1"	-1.05538799185295	7.27099783002716	9.89079127910622	0.00166107926256943	0.0284836632997043
"3045"	"JUN"	-0.823526505060828	6.60787973839465	9.87143563058066	0.00167864475850062	0.0287129985470874
"16505"	"MED13L"	-0.78597872311051	6.55797419548294	9.86578454220667	0.00168380859990807	0.0287654135004245
"20147"	"AKAP13"	-0.712421532016337	8.72607119682938	9.85283284657555	0.00169570437429656	0.0288871952029616
"488"	"SENP2"	-0.738789552068708	7.32217455678361	9.8279749274673	0.00171877478205441	0.0291808343109386
"11225"	"FOXN2"	-0.730586573153829	5.49317393293056	9.81048200946543	0.00173520022094565	0.0294232403801687
"7445"	"RNF44"	-0.697250579874789	6.73543659941935	9.78323773998568	0.00176109933102498	0.0298057421461574
"15656"	"TMEM201"	-0.809275107358696	3.87784865075745	9.78218419483607	0.00176210868829921	0.0298057421461574
"26490"	"PDK3"	-0.822575524234058	5.47219942641398	9.77780774295678	0.00176630786211263	0.0298399309726327
"10702"	"MAX"	-0.789931270983145	7.43628123682314	9.76100061028644	0.00178252865474781	0.0300029792367319
"21380"	"RAF1"	-0.810344434510667	8.78866818037991	9.74860534942002	0.00179458814059798	0.030168898299795
"3851"	"AOAH"	-1.09069248220465	7.36434601164331	9.7461737530644	0.00179696355110841	0.0301718108011475
"25788"	"GAB3"	-0.914407908576411	5.42862779687196	9.73944066954571	0.00180355769715406	0.0302093646995227
"17057"	"NOD2"	-0.887240926317465	4.92638690185836	9.71415193626	0.00182854439301647	0.0305896052853707
"24450"	"ARID5B"	-0.655406329960163	6.26857540019319	9.70691245314602	0.00183576179888289	0.0306728931786518
"7077"	"ICAM1"	-1.15110454386028	1.95005309997077	9.69750936681175	0.00184517933509377	0.0307178639977153
"26343"	"AMER1"	-0.737974025326851	5.48583575326921	9.65632844480835	0.00188700384328583	0.0312244440300231
"19184"	"STAT3"	-0.742974123893781	7.99671822541663	9.65035574351845	0.00189314917896848	0.0312883436683319
"26558"	"BMX"	-3.14707280130682	4.01751334075166	9.6363867899775	0.00190760121798552	0.031410290487305
"9578"	"IPCEF1"	-0.705819310133426	6.61255709697774	9.63461521077882	0.00190944203681442	0.031410290487305
"7306"	"LOC618071"	-0.936963166780582	4.9716920115207	9.63436903498399	0.0019096979764926	0.031410290487305
"6532"	"LOC101908403"	-1.41159465542973	2.63360449059683	9.62394828127067	0.00192056399399471	0.031541178932926
"25230"	"MAP3K11"	-0.807212781034636	6.5421242934346	9.61957734829743	0.00192514032835757	0.031541178932926
"18125"	"LENG8"	-0.724527696381336	8.4551814759735	9.61793355516219	0.00192686422646953	0.031541178932926
"26502"	"LOC104970598"	-2.19918507203453	0.0927242622143845	9.61174616605463	0.00193336718124213	0.0316098612770864
"13032"	"SIRPA"	-1.01195965670137	9.17687309355789	9.60747889980985	0.00193786504319206	0.0316456364204701
"14162"	"CASP4"	-1.21274884413844	8.5442358305901	9.60508155134221	0.00194039659250343	0.031649254421297
"19183"	"STAT5A"	-0.630213930940497	7.0676736128427	9.59359998009805	0.00195256744682437	0.0318099008191922
"436"	"MB21D2"	-0.805888090472228	4.32974793616397	9.56970499785269	0.00197814567015493	0.0321883299605614
"23294"	"RHBDD2"	-0.565422034250666	5.85802386734019	9.55002567677118	0.00199946620446256	0.0324560947955712
"17828"	"IRF3"	-0.927933609352811	7.31634955438486	9.5479689047194	0.00200170791199603	0.0324560947955712
"13140"	"ZBP1"	-1.27789868041501	6.49036283215081	9.54270954440159	0.00200745176591929	0.0325107525352958
"465"	"RTP4"	-0.771096770068637	3.78613838884757	9.52554107479596	0.00202631837597124	0.0327775538006871
"25188"	"ATG2A"	-0.805975101497548	7.18151543969164	9.51743122963785	0.00203529279162516	0.032883899219406
"2864"	"LOC513659"	-1.54718437136221	6.46594760336378	9.50717837252472	0.00204669639071157	0.0330291958175963
"16534"	"OAS1Y"	-1.28673778390775	5.57705973338013	9.50295098516836	0.00205141708745354	0.0330664300178834
"21208"	"HYAL2"	-1.30035886435062	2.33625781121396	9.49438608699651	0.00206101532846462	0.0331821046008152
"13692"	"SLA"	-0.653746199719562	8.17428290929819	9.47550046859189	0.00208234070220829	0.0334860915034692
"9898"	"IRF9"	-0.741029374779872	7.78184606014289	9.46242351163237	0.00209723800227667	0.0336861170799445
"14821"	"ARAP1"	-0.835722756425579	8.65369575084444	9.45076838921045	0.00211060662091085	0.033861149078571
"2865"	"LOC786372"	-1.05200841268357	7.93409269360054	9.43747682501737	0.00212595778021772	0.0340029753819633
"2751"	"SARS"	-1.01994489763487	9.39498848705015	9.43667092571161	0.00212689219052205	0.0340029753819633
"2646"	"TSPAN2"	-1.02568321908888	5.74791700044638	9.43340212032593	0.00213068652182545	0.0340239347733456
"13154"	"CASS4"	-1.13857122254408	4.24671280406419	9.40371169110864	0.00216546620988976	0.0344588298974444
"16058"	"PLXNA2"	-1.22901754703608	1.67620227957013	9.39370650818258	0.00217731564945428	0.0345670935262724
"26214"	"WAS"	-0.627115155663801	6.99273564187413	9.38717224917022	0.00218508984916748	0.0346125535205766
"14495"	"DENND5A"	-0.773573682503464	8.02676601053125	9.37993632771262	0.00219373171652011	0.0347070649515496
"2995"	"PDE4B"	-0.827689774970172	7.61389028141844	9.37121618589168	0.00220419226704243	0.0348323393895597
"19915"	"FYB"	-0.897149584386798	9.20333206878201	9.35473168340533	0.00222410526182603	0.0350851703740184
"191"	"TBC1D23"	-0.764242480155473	7.17024477771278	9.35299593127661	0.00222621261123736	0.0350851703740184
"19910"	"PTGER4"	-0.637966018461515	7.2294162301343	9.35162888338567	0.00222787374829546	0.0350851703740184
"25149"	"MARK2"	-0.658370825401548	7.07358935264849	9.34409199049121	0.00223705463266594	0.0351489512868761
"9057"	"GSN"	-0.816898673245248	8.12476099730569	9.31424149928904	0.00227379490195868	0.0355753264897775
"1779"	"RNF19B"	-0.87777229689351	6.83253351288611	9.3120110872675	0.00227656457029293	0.0355753264897775
"7471"	"DOK3"	-1.09922775986153	5.61858172157027	9.31152066244764	0.00227717402609553	0.0355753264897775
"17547"	"CCDC97"	-0.573807767703549	5.6834077048349	9.29654904223846	0.00229585927865834	0.0358263872174236
"19593"	"CD300A"	-1.01754038136269	6.1699546789495	9.28395076510481	0.00231170296690972	0.0360325851531627
"12235"	"SLC46A3"	-1.08125754761439	7.29725865797463	9.27774899033489	0.00231954306424915	0.0361137040037246
"1328"	"STAM2"	-0.840720146360444	5.04714566903874	9.25937477311	0.00234292992906734	0.0363951053947297
"7356"	"LOC107132617"	-0.804369594823586	4.58390519952876	9.24986759575275	0.0023551245244119	0.0364605210270818
"2875"	"GBP4"	-1.3086169612394	5.65381939516685	9.24000649712619	0.0023678411348509	0.0366160173686143
"26149"	"MED12"	-0.678215536172788	6.66233990527428	9.2284583452678	0.00238282192822684	0.0368061366839188
"7094"	"CDKN2D"	-0.719721828661063	5.87554271702372	9.21798978323401	0.00239648532498609	0.036953352815729
"23604"	"CPEB3"	-1.01118103137177	3.64204779780429	9.21702623012717	0.00239774692746391	0.036953352815729
"17676"	"VASP"	-0.900830662187503	8.74359648083977	9.21092569482369	0.00240575015612745	0.0370140024671476
"21420"	"RAB43"	-0.700517842468465	4.08601683513646	9.20990994578741	0.00240708533670743	0.0370140024671476
"10984"	"KIAA1211L"	-0.956271715696205	4.68711962218408	9.20332222444585	0.00241576302875678	0.0370999099010407
"17304"	"DPY19L3"	-0.96204734878912	3.96465006615392	9.19951276923373	0.00242079552233636	0.0370999099010407
"16946"	"ZDHHC7"	-0.807581125019023	6.89852182761385	9.19715974215811	0.00242390931034353	0.0371061245374488
"7625"	"CNN2"	-0.805068366436118	9.31681331269165	9.19030823335686	0.00243299915822862	0.0372037069942972
"24526"	"DDIT4"	-0.877708029135692	5.7201736561335	9.16326616726469	0.00246921467868882	0.0377153961122804
"25325"	"ALDH3B1"	-1.1919163188103	4.49260727102896	9.16050982344112	0.0024729366439025	0.0377301836949979
"127"	"LOC107131261"	-1.75482840421442	6.46146586523895	9.14765626825954	0.00249036847337597	0.0379306882427325
"10546"	"ATP8B4"	-1.12629839825799	6.64374676357873	9.1455454473994	0.00249324304056654	0.0379306882427325
"14298"	"CADM1"	-0.665979576222539	5.26038922377275	9.14403419824311	0.00249530316478138	0.0379306882427325
"20399"	"UBL7"	-0.706492990872063	6.15316162213794	9.1426789560287	0.00249715209071927	0.0379306882427325
"7514"	"NLRP3"	-0.851052493211703	6.2465800402946	9.13935550414318	0.00250169208796615	0.0379575673280446
"1558"	"KLF7"	-0.826351374220913	6.12385305437963	9.12312847143813	0.00252397960776912	0.0382533679270406
"27"	"IL10RB"	-0.651928441144362	7.17209732834505	9.11794218089783	0.00253114529444153	0.0383195819659043
"22171"	"MYLIP"	-0.598233339960658	6.7143401351287	9.11081143999188	0.00254103127482307	0.0384267875235661
"2049"	"LOC104971388"	-1.22762632063673	2.49476351681261	9.10425118729322	0.00255016094830909	0.0385223320317342
"13161"	"SIRPB2"	-0.978122255653304	7.11119012819499	9.09699794557156	0.00256029379334559	0.0386328031526739
"26503"	"ACOT9"	-0.742981035248561	6.08249195415977	9.08810617377129	0.00257277145865823	0.0387783737679609
"15568"	"SELL"	-0.83022406204844	10.734904695551	9.0839266628235	0.00257865780046722	0.0388243851914302
"22527"	"GNAL"	-0.78194948680083	6.06197648815422	9.06739631219621	0.00260207309843746	0.0390910126334338
"8353"	"PLIN2"	-0.978936056587811	6.00207708859152	9.06514450021559	0.0026052794584353	0.0390963130996956
"11789"	"LOC107132962"	-1.34761345152162	3.19372664525407	9.06285589405733	0.00260854231941225	0.0391024489258941
"15005"	"PHF21A"	-0.694900548007928	6.11312238125547	9.03812821546547	0.00264406219345683	0.039548358201476
"14793"	"ART1"	-1.59031446043517	0.994917093912399	9.01660013983585	0.00267538568811725	0.0398569529834563
"2869"	"GBP5"	-1.18335865698222	6.06087354381037	9.01376216127318	0.0026795429777267	0.0398614748510679
"26230"	"GRIPAP1"	-0.659316733320092	7.2593940210645	9.00817083168266	0.00268775278829915	0.0399402396447795
"24976"	"TIRAP"	-0.800928057340029	4.51416250744559	8.99197231292088	0.00271168171238932	0.0401651363691308
"22086"	"LOC787269"	-1.66013432787851	4.21179148759654	8.96317855596241	0.00275475200861155	0.0407590251295755
"13303"	"DLGAP4"	-0.640918411304925	6.54076099098288	8.9586464672851	0.00276159419711608	0.0408161834894146
"9290"	"PRDM1"	-0.908309293681694	5.11484989083743	8.94487081409677	0.00278249771961879	0.0410405046769408
"21231"	"IP6K1"	-0.631253076631146	7.42637087488289	8.92339985630711	0.00281539916770856	0.0413196793405581
"2428"	"S100A8"	-1.51624214677813	9.5818817846557	8.92186583319085	0.00281776492598284	0.0413196793405581
"21601"	"CMTR1"	-0.612708749362151	6.59868009588612	8.92046104801687	0.00281993314533815	0.0413196793405581
"2162"	"FCER1G"	-1.04895062129957	7.72756855947954	8.91860355127309	0.00282280270511367	0.0413196793405581
"15965"	"SWT1"	-0.614735619747464	5.68577151426682	8.91659671114067	0.00282590631126911	0.0413209630423672
"14628"	"LOC100337457"	-0.642545243618357	5.0541846429617	8.89820667780817	0.00285450863333492	0.0416042037565034
"4175"	"LOC514257"	-1.25097838408023	3.90203205507259	8.89634323421056	0.00285742323442593	0.0416042037565034
"6218"	"TMEM33"	-0.638355754679101	6.90336844413923	8.89301944433751	0.0028626294599907	0.0416357603305017
"16533"	"OAS2"	-1.91398286656988	5.79063016960722	8.88757487853905	0.00287117839168701	0.0416436158835628
"1341"	"NMI"	-1.1327136013497	7.24820872992554	8.88686944948814	0.00287228793591467	0.0416436158835628
"2390"	"IL6R"	-0.682483174185359	7.68249500515814	8.8822556116603	0.00287955562346688	0.041704853696744
"13508"	"PTPN1"	-0.60988138174073	7.08997492913733	8.87468259863129	0.00289152509520526	0.0418339866202822
"16033"	"LOC101907023"	-1.61324983573196	5.18622471973509	8.846769425503	0.00293608116442098	0.0422945130670725
"17545"	"HNRNPUL1"	-0.684660091139766	8.64007127323582	8.84508564915524	0.00293879106925429	0.0422945130670725
"2429"	"S100A12"	-1.39419192812508	10.7268987084604	8.83925601070405	0.00294819305159105	0.0423853022034092
"11777"	"SH2D3C"	-0.799850791017546	7.69750603910414	8.82610797441114	0.00296951039723733	0.0426470251074933
"24459"	"JMJD1C"	-0.694473815003894	8.30793889684494	8.81682017807623	0.00298466331697499	0.0428197613674076
"12749"	"ENKUR"	-1.22193578041874	1.72168896798312	8.79963229207386	0.00301291263494522	0.0430896826841174
"7975"	"NIPAL4"	-0.762208979023975	3.4467200592708	8.7950314675122	0.00302052034630133	0.0431534403177003
"9016"	"LOC539274"	-0.653594926737895	7.63193152691119	8.79165410608792	0.00302611741378481	0.0431549889537161
"24234"	"RAB11FIP1"	-0.810407146944976	5.40210353318983	8.79063781822761	0.00302780369877271	0.0431549889537161
"6556"	"MXD4"	-0.820082620890986	7.77552538240621	8.78926802535609	0.00303007805076088	0.0431549889537161
"11213"	"TTC7A"	-0.687860942111177	6.62904873173803	8.75915925459223	0.00308051024926487	0.0438276956647747
"23078"	"IL4R"	-0.593621055531608	6.31755299362647	8.750629217599	0.00309495249790257	0.0439776456458209
"14883"	"TSKU"	-1.44516748566921	2.13343308668336	8.74570386033964	0.00310332295537012	0.0440151426620352
"19085"	"MSL1"	-0.798184352631372	7.28789626927247	8.73914366271857	0.00311450749490931	0.0441280942996407
"6800"	"MYO9B"	-0.643434733770302	8.18023108291282	8.73339609371931	0.00312434023428288	0.0442216792870969
"10442"	"APH1B"	-0.755342964606762	3.99265098691095	8.71853139121701	0.00314991678074128	0.0445376778255277
"16150"	"LOC107133272"	-1.33643851780886	0.569008434147115	8.71630225436401	0.0031537705872758	0.0445461967177997
"1955"	"TCEB3"	-0.735176424303561	7.02979768934137	8.69932185461948	0.00318328456503089	0.0449167681003998
"12436"	"LOC104970365"	-0.912700381742445	4.16275787131721	8.6812753362079	0.00321495934838982	0.0452704604648395
"10765"	"NUMB"	-0.597847895088721	6.23094974801237	8.66267048438353	0.0032479495009177	0.0456411857559727
"8282"	"CDKN2B"	-1.0168550378632	2.1284395280989	8.64941595500877	0.00327166213377586	0.0458802895546193
"3396"	"DGKD"	-0.611792124865912	8.03288839687745	8.63993525999658	0.00328873116807565	0.0459920086826798
"18120"	"LOC104974954"	-2.16912294499088	1.82830106795143	8.63939909251351	0.00328969918320022	0.0459920086826798
"6753"	"LOC101902444"	-0.818986344636476	3.86245585598768	8.62429958400842	0.00331707959622034	0.0462687291310873
"5003"	"BAZ2A"	-0.690413001248856	7.62211180950959	8.62290316501208	0.00331962343886277	0.0462687291310873
"17045"	"N4BP1"	-0.689351813648173	5.92530972943431	8.61093464463298	0.00334150786614128	0.0465264220264245
"16423"	"CLIP1"	-1.03863511623198	6.96046660381388	8.59529022352612	0.00337033497212467	0.0468316536648336
"21539"	"LOC100126544"	-0.927724004205182	5.23534618281335	8.59385439931422	0.00337299331839536	0.0468316536648336
"19363"	"LOC100848007"	-1.17818060472787	2.25209511417796	8.58538447010499	0.0033887183358887	0.0469452274216492
"5686"	"TMEM184B"	-0.919611921795961	5.65011795404197	8.57530901522568	0.00340752121147382	0.0470799279161156
"23163"	"PHKG2"	-0.654777863202735	6.12115060126004	8.57465235701331	0.00340875034616354	0.0470799279161156
"19200"	"EZH1"	-0.617599462195356	7.79974312833113	8.56126366601508	0.00343390985219302	0.0472844209898458
"22109"	"C23H6orf229"	-0.84971634472291	2.91945163265372	8.55479537064024	0.0034461323723705	0.0474050799536629
"25338"	"IGHMBP2"	-0.602193790988064	6.15910821175539	8.54934940272837	0.00345645738776138	0.0474637443144081
"14370"	"NLRX1"	-0.923805996266339	4.95284391332559	8.54807872833252	0.00345887098213893	0.0474637443144081
"6973"	"MIR23A"	-1.279521879364	0.740955520158432	8.54706919818499	0.0034607897649875	0.0474637443144081
"12441"	"LOC100337244"	-0.666644813194583	6.21241248476763	8.53704900760795	0.00347989360948672	0.0476675586207815
"2579"	"PIAS3"	-0.676366179465132	4.46749727198419	8.53562928434224	0.00348260901973595	0.0476675586207815
"18615"	"RAP1GAP2"	-0.552598762499819	7.02180246084343	8.50937371207468	0.00353321645219887	0.0481814846970202
"12337"	"LOC504806"	-1.14151618516191	7.11875091001127	8.50885528777812	0.00353422320418256	0.0481814846970202
"9899"	"RNF31"	-0.551970948337883	5.86097389969428	8.50481153893405	0.00354208596319468	0.0482406757273662
"8846"	"SUSD3"	-0.579298581478134	7.64014075258216	8.49332232983639	0.00356452304655726	0.048467604928571
"12681"	"LOC101904563"	-1.02727125754585	2.79706710230031	8.48516469766091	0.00358054163587174	0.0485712880723551
"11152"	"SOS1"	-0.675127914850334	5.96906208934636	8.46334315327426	0.00362375187867189	0.049108827388411
"21898"	"PPP1R10"	-0.600334170101536	6.1305210922361	8.45414205550689	0.00364213015078264	0.0493091158061985
"24"	"IFNGR2"	-0.843259738047636	7.86553725541578	8.44682409429868	0.00365681470023177	0.0494506504186153
"19523"	"PRPSAP1"	-0.601761445645987	5.40918931548746	8.44533860218198	0.00365980289938514	0.0494506504186153
"6639"	"LOC107132587"	-1.59591150649074	-0.0732142168414068	8.42775486385655	0.00369536339970811	0.0498819447678826
