"genes"	"logFC"	"logCPM"	"LR"	"PValue"	"FDR"
"11115"	"NLRC4"	1.43719497056123	4.63484474318089	39.6658739091889	3.01345380196127e-10	4.12873305406713e-06
"21829"	"C2"	2.52110241950886	4.68767144882922	35.4056329478994	2.67711524456168e-09	1.38051925899891e-05
"5525"	"C1R"	3.12090710887255	4.70271035762916	35.1691039668276	3.02281423034576e-09	1.38051925899891e-05
"21327"	"CCR2"	1.05002534762848	6.3155900196091	34.3268022161244	4.65920886069542e-09	1.5958955150097e-05
"6006"	"CFI"	2.76428863436931	1.52877131339607	32.0249980032153	1.52201369545323e-08	4.17062192828094e-05
"8984"	"SLC46A2"	1.10810151735683	4.95169003990296	31.607871368754	1.88663316053903e-08	4.30812682209087e-05
"9213"	"FAM26F"	1.9372827004351	2.89481849325075	30.3370730741854	3.63118863474473e-08	6.6324709198843e-05
"15483"	"TLR5"	2.06001101455173	2.34722593980226	30.2121821713115	3.87269304131628e-08	6.6324709198843e-05
"1625"	"GPBAR1"	1.95358959889431	2.59655463325813	28.9663458987423	7.36467230199569e-08	0.000112114861344048
"336"	"CD86"	1.0614196200234	5.17572630834671	27.7612939590724	1.37244641484466e-07	0.000180340755436599
"21045"	"MITF"	1.20625677202779	4.52151350349901	27.5169932563192	1.5572027219279e-07	0.000180340755436599
"19391"	"LOC781977"	1.98869160076212	3.65156549239299	27.4837877668994	1.58416905951069e-07	0.000180340755436599
"23614"	"MYOF"	1.32431215081876	5.13436964164336	27.3346912567815	1.71113774226391e-07	0.000180340755436599
"8699"	"LOC107132707"	2.13783884674574	3.95919267432123	26.9683402023413	2.06815393316795e-07	0.000202398407416672
"25196"	"BATF2"	3.02177802326297	3.74847755382177	26.0868533272205	3.26398873070567e-07	0.000298132730662656
"22239"	"F13A1"	1.23835011364932	9.61647176971422	25.4624145495947	4.51085595183965e-07	0.000386270233725969
"15471"	"C16H1orf115"	1.67623202509232	3.13865226473119	25.2248528958959	5.10204780386359e-07	0.0004111950409455
"5500"	"CLEC4A"	1.44754898187823	4.66485131028026	24.5112517402538	7.38771556200033e-07	0.000546432131121395
"22373"	"MOCOS"	1.54078863645338	3.44093367147606	24.4623293858555	7.57770271608386e-07	0.000546432131121395
"7778"	"CD14"	1.10275029708778	5.5402780563394	24.1471787774544	8.92468154673115e-07	0.000611385309358817
"2218"	"SLAMF8"	2.30163220369497	1.31954034227432	23.8698249075318	1.03074853630672e-06	0.000672489795044685
"15370"	"RAB7B"	1.59953257784287	3.37360828187944	23.5287544160866	1.23060790971129e-06	0.000734325416109823
"13028"	"TGM3"	1.33329666300388	8.44303144285402	23.5254564190414	1.2327191132418e-06	0.000734325416109823
"24741"	"CTSC"	1.02156598102279	7.80168219312765	23.2514106201685	1.42146149982707e-06	0.000811476833713779
"23930"	"DMBT1"	3.5571541375194	3.28763928100223	23.0077095797533	1.61353036837559e-06	0.000881885999161867
"15316"	"CHI3L1"	1.88281223448822	7.74566296564405	22.8704067220163	1.73299569275382e-06	0.000881885999161867
"24063"	"LOC404107"	2.41464084931611	3.2504552779209	22.8649787437099	1.7378966482279e-06	0.000881885999161867
"18695"	"ENO3"	1.22989983184596	4.33149940806487	22.7516977742247	1.84341207348084e-06	0.000902021029241463
"15806"	"LOC104976500"	2.08831773076304	3.20730133345714	22.5849557000974	2.0105282635725e-06	0.000949870611696789
"3935"	"SNX10"	1.52039448290517	7.65504412687764	22.1539042304534	2.51643692662263e-06	0.00112063690778447
"6680"	"ADAMTS2"	1.04651371578939	4.63834945171989	22.0882654903542	2.60396672327267e-06	0.00112063690778447
"10932"	"TPC3"	1.92331222430668	4.11882211417733	22.0784212074727	2.61735501416708e-06	0.00112063690778447
"13091"	"LOC100847256"	3.31746270718622	4.54595798963081	21.7794310067728	3.05861675184216e-06	0.0012698820641512
"2520"	"CTSS"	1.20908437297748	9.10563603619875	21.2844598400152	3.95928237458166e-06	0.0015954743474748
"237"	"HHLA2"	5.06491659272225	3.77821947644474	21.1422700029632	4.26417777259612e-06	0.00163783536534716
"3836"	"DOCK4"	1.11990911769654	3.48358288407704	21.1246849811377	4.30348683690955e-06	0.00163783536534716
"20735"	"CDC42BPB"	1.8128474350417	1.18768969090131	20.9742456254798	4.65499100778376e-06	0.00172373058912555
"22478"	"EMILIN2"	1.22504583406723	7.3656949192093	20.8638811715583	4.93105642955442e-06	0.00177790537214013
"22446"	"LOC101904579"	1.2634038521135	3.35331650349887	20.6742481622649	5.44433119044816e-06	0.00191263542667513
"26066"	"SH3BGRL"	0.990568230177831	6.31451751915198	20.4195142909165	6.21923786921802e-06	0.00212083011756188
"24520"	"PSAP"	1.02300370749499	10.1497525909268	20.3807360699053	6.34654658930276e-06	0.00212083011756188
"9058"	"STOM"	1.0494225872708	6.96395112653481	20.2985230670253	6.62517052313577e-06	0.00212982008885784
"6440"	"ANXA3"	1.19121335739174	7.44871826817826	20.2815087914865	6.68434886657083e-06	0.00212982008885784
"12302"	"GJB2"	1.74004641406422	1.70323492727563	19.9154630571796	8.09429900341154e-06	0.00252045433285776
"8475"	"TMC1"	2.89790457953984	0.872440112225734	19.8705271260592	8.28680969192784e-06	0.0025230573242023
"1385"	"HNMT"	1.02189562806628	4.65590065784843	19.7813703393598	8.68248347840006e-06	0.00258605882907737
"1579"	"IDH1"	0.900942169269774	4.6397854928728	19.6561829581752	9.27028583829026e-06	0.00270238694192372
"15248"	"MPEG1"	0.980680975144434	8.03470092065422	19.6033809531338	9.53004073671846e-06	0.00272023100278708
"15314"	"MYBPH"	1.35371280836976	5.89230946491849	19.3291966551801	1.10011259271942e-05	0.00299221047490132
"12534"	"LOC107131142"	1.54685504186423	2.91013624530853	19.3114815840901	1.11036648703038e-05	0.00299221047490132
"5370"	"MGST1"	1.0806031519192	5.1041787620622	19.3055739268082	1.11380727114785e-05	0.00299221047490132
"18709"	"CXCL16"	1.18102571340686	3.7574597515085	19.2121143884226	1.16968743262529e-05	0.00308190144507675
"11943"	"SLC2A6"	0.992378256050623	5.05078637039763	19.0249554889619	1.29020003374545e-05	0.00327222724007443
"18511"	"ALDOC"	0.944493784206813	4.91964793749675	19.0140870680465	1.29756958001246e-05	0.00327222724007443
"23887"	"SHTN1"	0.887287487729276	4.90053018419968	18.990699023493	1.3135719889358e-05	0.00327222724007443
"5703"	"APOBEC3A"	2.57031113762643	5.99840573872244	18.7182528233325	1.51525083536226e-05	0.00364991843592165
"21637"	"TREM1"	1.39228129714749	6.15334967315967	18.714208000064	1.51846836615965e-05	0.00364991843592165
"21181"	"PARP3"	1.53784345202875	3.94535674420933	18.6601941903709	1.56209817514071e-05	0.00369005294786256
"10486"	"AQP9"	1.56641295493241	2.73708783468264	18.5204835710798	1.68088098603607e-05	0.00387136958922783
"16530"	"IQCD"	1.49969519924493	1.55928953099218	18.4622086520156	1.73307009123288e-05	0.00387136958922783
"2815"	"DPYD"	1.14833877017137	6.04154541032969	18.4450080723479	1.74878326282121e-05	0.00387136958922783
"18154"	"OSCAR"	1.97656127175189	5.91140605412028	18.4416378207282	1.75187880105194e-05	0.00387136958922783
"1433"	"STEAP3"	1.12545559501109	3.08043490133965	18.3856193246021	1.80414477472678e-05	0.0038921660824585
"22365"	"SYT4"	1.9539539201373	1.63854864940874	18.3709320954391	1.81810546147977e-05	0.0038921660824585
"20970"	"IL17RC"	1.43610912986627	2.87449486384591	18.286949988366	1.90004336382614e-05	0.00400499909658184
"13352"	"MAFB"	0.934384441808445	5.02751405793386	18.0381641443945	2.16520544543199e-05	0.00449476966785813
"5770"	"CYP2D14"	1.19874588386849	3.14893080041982	17.9838941712817	2.22781924314576e-05	0.00455572409706568
"23310"	"LOC521224"	1.29518684198856	3.23765261615473	17.8472161363811	2.39369198199726e-05	0.00482293733019771
"23191"	"PYCARD"	1.45804327126407	5.64954573716414	17.7646565589071	2.49984192339916e-05	0.0049638165496365
"3823"	"TFEC"	1.2287738595437	5.29027675252378	17.7108797656824	2.5715161054452e-05	0.00503319173724354
"19201"	"RAMP2"	1.19144735838119	5.8110915583342	17.6326398392286	2.67949920971559e-05	0.00509182428123199
"2098"	"CREG1"	1.03318254143685	6.45543907046404	17.6158627711942	2.70324106636683e-05	0.00509182428123199
"8126"	"PAM"	1.0682227693141	6.47807786604634	17.5963600209637	2.73110597486313e-05	0.00509182428123199
"4884"	"LYZ"	1.06817326657572	10.2755861270241	17.5723079072521	2.7658686899048e-05	0.00509182428123199
"13977"	"DCSTAMP"	2.0831251266976	4.51005100003221	17.5576363530713	2.78729159252901e-05	0.00509182428123199
"10650"	"DHRS7"	0.998377596161649	4.25755597101478	17.471051166194	2.91715997304502e-05	0.00525894852509077
"14582"	"PRKCDBP"	1.40330783754287	2.18541983132094	17.1131312684721	3.52179659765764e-05	0.00626651106292304
"8653"	"ATP6V1B2"	0.765071155162076	6.87268626881338	16.9076654632846	3.92427881940178e-05	0.00689167548170245
"959"	"PDXK"	1.25734674251063	5.16376886627821	16.8721337299613	3.99843105965429e-05	0.00689167548170245
"12533"	"TNFSF13B"	1.82816489320724	1.32655044445272	16.8600152342049	4.02404232199253e-05	0.00689167548170245
"2028"	"AKR7A2"	0.92828170766323	4.96976080269889	16.8059180845369	4.14039779138162e-05	0.00693574651234781
"4697"	"ACVRL1"	0.969134874113288	4.70936669988038	16.8010559788373	4.15101973587709e-05	0.00693574651234781
"13122"	"TUBB1"	1.17554181579955	6.94754278126335	16.662898563974	4.46456881058674e-05	0.0073697659366083
"25598"	"HPRT1"	0.936369241413767	6.20855904748817	16.6150716472225	4.57857305735983e-05	0.00746797969748655
"5268"	"NCF4"	0.930303987157213	5.63007133572727	16.506462785617	4.84845298319159e-05	0.00781513580267153
"15804"	"ISG15"	2.21214274437852	6.62897618357144	16.4484181320269	4.99918792602532e-05	0.00796440392726428
"1583"	"MAP2"	1.17751683462811	2.81016950642587	16.2993054599656	5.40837710367519e-05	0.00851726145947745
"24676"	"RASSF4"	0.848921427918378	4.63545155644782	16.1691551359482	5.79297605036625e-05	0.00885245643154955
"12788"	"FAM188A"	0.782576221866222	6.11749708406132	16.1379402898561	5.88923563676173e-05	0.00885245643154955
"8283"	"CDKN2A"	1.52999242609356	1.10467014966093	16.1125311759291	5.96877816993969e-05	0.00885245643154955
"701"	"P2RY1"	1.4221734729319	3.71248194948693	16.1077549053063	5.9838503577829e-05	0.00885245643154955
"13509"	"FAM65C"	2.04283635096878	-0.107784321467381	16.0930334761438	6.03054711488055e-05	0.00885245643154955
"16137"	"TLR2"	0.994943612398851	6.11001407609876	16.0850121406309	6.05614507349149e-05	0.00885245643154955
"26178"	"OPHN1"	1.41916242056451	2.32099798441244	16.0795916770455	6.07350488698386e-05	0.00885245643154955
"15276"	"TCN1"	2.11858548515492	7.95439751134201	16.0556703973698	6.15071598736757e-05	0.00887062734136033
"18153"	"LOC101905804"	1.88696461859023	7.00642085655529	15.9950590733994	6.35080121482714e-05	0.00899051975678465
"10447"	"LACTB"	0.895117870807436	5.44895960222382	15.9908055866529	6.36508587992199e-05	0.00899051975678465
"9947"	"SLC7A7"	0.710010130212089	5.7776452051725	15.8250066262763	6.94781792118718e-05	0.00962609134169091
"1062"	"CYFIP1"	0.866698601712175	5.00405824963856	15.8228957865579	6.95557289852858e-05	0.00962609134169091
"21325"	"CCRL2"	1.70986802954045	2.83851289300496	15.7618678009869	7.18358732930782e-05	0.00970411846333005
"8410"	"CD274"	2.18375551896358	6.55365679051917	15.7616942127674	7.18424650382825e-05	0.00970411846333005
"18109"	"FCAR"	1.45900373216097	4.91909725492447	15.7511405877875	7.22443678023258e-05	0.00970411846333005
"18304"	"SCPEP1"	0.784875432727259	6.83370833049821	15.7074774312838	7.39313253145261e-05	0.0098137946626466
"4168"	"CALD1"	1.58015600299102	3.13160649828887	15.6931506320517	7.44934417133965e-05	0.0098137946626466
"13774"	"LOC511847"	1.13771561748213	4.49678085115092	15.5343084575904	8.10213558200269e-05	0.0105721294865732
"25095"	"ASRGL1"	0.889200568842614	7.90081748803869	15.5123900001388	8.19662373584362e-05	0.010594522811773
"13177"	"SRXN1"	1.092594053799	4.45347530785818	15.4204684746271	8.60511565513772e-05	0.0109031738162677
"12873"	"LOC104973781"	1.52074651618951	3.75230290106999	15.4058682313577	8.67185751677722e-05	0.0109031738162677
"890"	"MX2"	1.87491462953333	7.35964334956727	15.405367704839	8.67415477682781e-05	0.0109031738162677
"25785"	"MPP1"	0.978166074318748	6.68644837174399	15.2783765646899	9.27724529016296e-05	0.0113602886193395
"5498"	"C3AR1"	1.19131212525618	2.734804518649	15.2768055373045	9.28496462089769e-05	0.0113602886193395
"16218"	"TBC1D9"	0.95444894189656	4.88350404158479	15.2617262989022	9.35938683821983e-05	0.0113602886193395
"23340"	"SERPINE1"	1.18414837586179	6.07995191543334	15.2596903110323	9.36948116185214e-05	0.0113602886193395
"23135"	"MVP"	0.903698459378711	7.2859468515287	15.2245500551796	9.54544131917321e-05	0.0114721132907011
"6390"	"PF4"	1.46821690370174	6.17532062038633	15.1942139837083	9.70001766737679e-05	0.0115278436787395
"16534"	"OAS1Y"	1.6490100707655	5.57705973338013	15.1825557701132	9.76008953166766e-05	0.0115278436787395
"22241"	"NRN1"	1.13464197091014	2.93418448709554	15.1180254056805	0.000100994345457241	0.0118266968129031
"6795"	"USHBP1"	1.76703218131938	0.542832193358513	15.0722780255864	0.000103471755262314	0.0120141230410929
"8790"	"SLC28A3"	2.00873920979524	6.84358891696305	15.0280030486308	0.000105927661614205	0.0121959234603044
"23373"	"PILRA"	0.868148187789656	6.74069868764857	14.9905771373122	0.000108049360299397	0.0123365357121837
"3576"	"GNG11"	1.44536739073623	5.10273096025122	14.9646321482389	0.000109545252662596	0.0124039628655391
"15805"	"HES4"	1.83316530377898	3.69823893182101	14.9198833150709	0.000112174455079893	0.0125975590905706
"24574"	"C28H10orf11"	1.22485763274498	2.08767381552379	14.8702657048122	0.000115164054626957	0.0128281521336905
"18014"	"LOC504861"	1.29284992415011	3.00174985557403	14.7899118309746	0.00012017668518358	0.0132785545459696
"6488"	"KLHL8"	1.15537793624937	7.45173880016683	14.7501067302406	0.000122740578096845	0.013453349284039
"14884"	"ACER3"	0.938026398627576	3.50776694008035	14.6430680216472	0.000129911564178021	0.0141263360381196
"8239"	"CLU"	1.59492671167437	3.54775674614867	14.6074223214243	0.000132392072087589	0.0142827069265517
"9612"	"SOD2"	1.42743793620716	8.57338025980963	14.5867158966539	0.000133854826114228	0.0143276950983675
"26200"	"CFP"	1.33671703563394	6.95776123154113	14.5627685691654	0.000135566829429755	0.0143984583722253
"5666"	"LGALS1"	0.894133111682724	6.4208223891578	14.5328188154671	0.000137739011203298	0.0145166322499722
"19978"	"CDH10"	2.49335778734059	3.39542180919123	14.3859612347487	0.000148908344661185	0.0155739941236863
"351"	"PDIA5"	1.00007239432951	4.38933461637017	14.357459144853	0.000151179566577422	0.0156917518308884
"17088"	"MT2A"	1.54898532130993	1.67891468431953	14.2688081400958	0.00015846927111691	0.0163247179215998
"19540"	"TRIM47"	1.31321568095399	2.89041609164015	14.1580739336742	0.000168074259451079	0.0171849658861137
"21859"	"AIF1"	1.12791146340848	6.39021815844263	14.0776407668324	0.000175416708155114	0.017802846803209
"23044"	"IGSF6"	1.85409074879004	8.16278604531355	14.051651705643	0.000177857555744793	0.0179178409651427
"18675"	"NLRP1"	0.887064467755889	5.57551496743719	14.0353261131144	0.000179408292342723	0.0179421387838515
"19631"	"ABCA6"	1.62338110591261	6.33022614957215	13.9769240512672	0.000185068152445953	0.0183740489613188
"1628"	"TMBIM1"	1.13907891792123	5.52687720147984	13.9421858613466	0.00018851966093842	0.018482089787416
"7335"	"C7H19orf35"	1.29356599913107	4.91310638179284	13.9244037010255	0.000190311474475697	0.018482089787416
"15458"	"TGFB2"	1.51820918547581	1.12737455224346	13.9149506794629	0.000191270979171035	0.018482089787416
"2688"	"CTTNBP2NL"	1.19963014200716	2.42065964702396	13.9121891068109	0.000191552204205027	0.018482089787416
"2677"	"SLC16A1"	0.679899816863834	5.14815471667009	13.8924733844657	0.000193572096019128	0.0185463726402663
"7900"	"CSF1R"	0.858337085200833	6.69147156394956	13.8240828219818	0.000200746557269609	0.0191001984802147
"3726"	"SEMA3C"	1.18415753296312	1.79120025012864	13.7348070734938	0.000210516704538598	0.019891650819885
"21419"	"GP9"	1.95208052564817	1.34791237141201	13.720695123408	0.000212104356010629	0.0199043957650796
"11633"	"RRM2"	1.10880736493224	4.64268653871921	13.5927778011379	0.000227057391700894	0.0211626756713874
"20010"	"CMBL"	1.15454522431756	2.75797237220329	13.5777512435031	0.000228882270381754	0.0211886215304082
"24061"	"DEFB7"	1.68490340713922	3.56009302396299	13.531096310597	0.000234642938295921	0.0215761268294793
"4055"	"CPED1"	1.35428639664703	1.85824055080435	13.5128689221237	0.000236933040482669	0.021641463917687
"10315"	"C10H15orf52"	1.2806825264236	1.79735777768192	13.4989691293908	0.000238694547121128	0.0216579734444144
"25022"	"SLC15A3"	1.14410469216108	5.51347901586915	13.3580405991962	0.000257317009128094	0.0231183052839363
"10809"	"FOS"	1.09686383692228	4.67379256866335	13.3518799957323	0.000258163689398019	0.0231183052839363
"12199"	"SPG20"	1.08684271532902	3.01710626619119	13.2379813880738	0.000274333183584992	0.0244067464175193
"11255"	"CCDC88A"	0.710960766531707	5.62780729155936	13.1740007549718	0.000283860053074913	0.0249871963666868
"20278"	"CTSH"	0.852443792375496	7.37523809443847	13.16932834898	0.000284568716153156	0.0249871963666868
"18763"	"TNFSF13"	1.1103406466207	4.28807756339647	13.1577747060058	0.000286328722689572	0.0249871963666868
"9581"	"TIAM2"	1.95274592207114	5.90111363765778	13.1252073814114	0.000291349106454659	0.0252643930856664
"8198"	"CTSB"	0.883734365740931	8.41935436367049	13.0877527709143	0.000297232714775796	0.0255245744067925
"4861"	"PTPRR"	1.4063685719038	2.82377511688878	13.0669317111233	0.000300555074560408	0.0255245744067925
"5566"	"LTBR"	1.08439437079494	4.29229771622158	13.0618071069774	0.000301378519434693	0.0255245744067925
"3892"	"NOD1"	1.0230605759439	4.01677237094769	13.0591808145056	0.000301801405291613	0.0255245744067925
"12301"	"LOC107132994"	1.70899125118567	0.095138205397405	12.9953561953292	0.000312264442892447	0.0262474547979719
"114"	"LOC518080"	1.12194719951216	3.88757944108551	12.939827080924	0.000321664722111718	0.0268727338881259
"2536"	"C3H1orf54"	1.61952977110145	2.82018789713367	12.9032869784859	0.000328005594716945	0.027236391837678
"23582"	"IFIT3"	1.2848120701013	8.83223759449654	12.7841823023714	0.000349562529568651	0.0288515434796391
"22911"	"ABAT"	1.1033104809825	2.55038838252799	12.7319032088231	0.00035947054864558	0.0294916526167251
"2274"	"LOC512286"	0.733558936405797	5.4033298020529	12.6931401183318	0.00036699944981322	0.0298203454678393
"13464"	"OCSTAMP"	2.00278585087511	1.97315535740507	12.6621019577852	0.000373142468763231	0.0298203454678393
"20049"	"SLC12A7"	0.792300015830069	5.98235471902554	12.6569501187675	0.000374172102150901	0.0298203454678393
"4607"	"GPR84"	1.34109901961048	3.9573493136112	12.6523425562318	0.000375095385224155	0.0298203454678393
"24214"	"NRG1"	1.56819099002631	3.35988561295079	12.6493704788534	0.000375692161667015	0.0298203454678393
"10793"	"NPC2"	0.957179108475919	7.7422344246154	12.6451760854139	0.000376536002184964	0.0298203454678393
"17319"	"CEBPA"	0.909363573196884	3.84907955455875	12.5198566096977	0.000402649789251219	0.0313618278827334
"16353"	"STX2"	0.878936853378091	6.08380847866997	12.5192563606981	0.000402779167089979	0.0313618278827334
"2529"	"ECM1"	1.00824715720344	4.20346428378844	12.51884865209	0.000402867068634485	0.0313618278827334
"12840"	"DSTN"	1.1686829282162	3.17704768204284	12.4714357318951	0.000413222364447848	0.0319701754226994
"7121"	"RAB3D"	1.13433790811608	6.18835581603221	12.4618489377821	0.00041534860413404	0.0319701754226994
"23960"	"CTBP2"	0.653267179903111	5.1886625689142	12.3830412377865	0.000433250897296025	0.033161846613703
"14023"	"RIDA"	1.1991213359583	7.88293482418284	12.2692107163429	0.000460492993801343	0.0350511917115122
"12567"	"LAMP1"	0.799132645648685	8.44739909089813	12.1936704111376	0.00047951940937347	0.0362977647946183
"2430"	"S100A9"	1.61282054225894	10.0958161890327	12.180276776997	0.000482974773594458	0.0363584471044927
"9784"	"TXNDC16"	1.09788471593648	2.28043363609368	12.1571622393636	0.000488997204584464	0.0365387970675236
"26268"	"SHROOM4"	2.32088475239016	2.55306285968305	12.1417443125772	0.000493056388169222	0.0365387970675236
"21844"	"C23H6orf25"	1.21669261521734	4.81070348053396	12.1405542998101	0.000493371101196399	0.0365387970675236
"22335"	"CNDP2"	0.808797342460976	6.77236706305065	12.1130662630962	0.000500697341404362	0.0365866937827415
"16754"	"GGT5"	1.22927359495465	3.76990699019685	12.1115777040881	0.000501097198796387	0.0365866937827415
"11316"	"IL1B"	0.944610181790314	7.99623404359031	12.1081137551076	0.000502028934468681	0.0365866937827415
"3970"	"CFAP69"	1.41753925566812	0.710415033736622	12.0695485038854	0.000512521114372533	0.0370185982778853
"2864"	"LOC513659"	1.75739503519754	6.46594760336378	12.0665026618738	0.000513359146981841	0.0370185982778853
"24023"	"LOC107131400"	1.55082989820717	0.105225750676755	12.0213328223337	0.000525950783228869	0.0374635126008583
"16521"	"SDS"	1.49655266062014	12.6515928919823	12.0203411299422	0.000526230699481474	0.0374635126008583
"7993"	"LOC104968958"	3.96181350918019	0.306880324564786	12.0140216035675	0.000528017992361828	0.0374635126008583
"13886"	"LY96"	1.03291455012324	5.25223954827752	12.0050504966111	0.000530565736430272	0.0374635126008583
"18766"	"CD68"	1.21548479318801	6.43213111276663	11.9958173497316	0.000533200858124762	0.0374635126008583
"11906"	"NACC2"	1.03451760141938	2.84393021397985	11.9041312654423	0.000560095839468623	0.0391524137579571
"11324"	"IL1RN"	0.932501826514995	7.41753410540977	11.8874294233976	0.000565140635245598	0.0392418008755433
"5375"	"PTPRO"	1.63691374427913	1.13231649375642	11.8787889086348	0.000567768485848878	0.0392418008755433
"5219"	"ASCL4"	1.42920059484418	0.838234327400906	11.8715909185959	0.000569967037021612	0.0392418008755433
"12758"	"OPTN"	0.789317891532792	5.03865259170764	11.8542206428011	0.00057530807422999	0.039367434819956
"2428"	"S100A8"	1.76012728077308	9.5818817846557	11.8470150699022	0.00057753845696016	0.039367434819956
"17650"	"PVRL2"	1.1770363862719	3.62566628889454	11.8349206960927	0.000581301742168243	0.03942779786855
"779"	"ATP1B3"	0.621833290627449	5.87307771502111	11.8065753390193	0.0005902189939256	0.0398354208658849
"26613"	"TLR8"	1.0545280993603	6.75967453981541	11.7752484617802	0.000600235004510728	0.0401161941307389
"8255"	"C8H9orf72"	0.664869674111433	4.63026952972314	11.7636716671827	0.000603979687568714	0.0401680083367522
"21502"	"BOLA-DMB"	0.754058157700445	7.97389940203395	11.7547740291426	0.00060687378481189	0.0401680083367522
"23110"	"SULT1A1"	0.993184481157058	6.45836652328722	11.7125868777043	0.00062078760549142	0.0408913989559516
"22854"	"MEFV"	1.13208111091844	5.21149437340676	11.7033276036914	0.000623884285205435	0.0408987492421037
"3933"	"SKAP2"	1.18419972268934	7.83150472757728	11.6853543017958	0.000629939895657299	0.0410990786209555
"21369"	"PLXND1"	0.802803845169397	3.75672481939735	11.6761512188749	0.000633063566100137	0.041107127578853
"10707"	"GPHN"	1.09313162983174	4.42179198584284	11.610166914484	0.000655922656317769	0.0423905486519328
"11481"	"RBKS"	1.40213345292861	4.21362752680349	11.5598144019209	0.000673925798718612	0.0433495651091253
"9601"	"DYNLT1"	1.01817581423602	5.74658904243312	11.5477562975771	0.000678310652655743	0.0434277301497025
"6404"	"PARM1"	1.35012195747703	3.61482439769548	11.5127481236521	0.000691205146417444	0.0438435264401176
"5394"	"HEBP1"	0.777485611901649	4.63453393058401	11.4825151755912	0.00070253990634645	0.044357139432501
"8866"	"NFIL3"	1.13600713932842	6.15307272003128	11.3632852160183	0.000749102059726887	0.0469171542112431
"10576"	"C10H15orf48"	1.35528484713942	7.20948969294289	11.3612216581651	0.000749934805653766	0.0469171542112431
"11212"	"MCFD2"	0.588874527599986	5.93285997332217	11.2928746106384	0.000778051195645757	0.0484549065070114
"232"	"LOC104970840"	1.03680132104329	2.55093369293628	11.2807016496735	0.000783169510664639	0.0485529659077657
"25198"	"SNX15"	0.854609823820391	3.85768040110267	11.2693299644071	0.000787981652791374	0.0486312460580838
"24186"	"LOC104976076"	1.40170606141807	6.66444206260543	11.2552534162044	0.000793979817144111	0.0487816927116209
